# listGammaModel[1, 0.00707, 4., 0.0078, 0.00375, "bulge_g1_a0078_b4_e00375.txt", {2, -18, 6, 1/16}]
#             r         rho(r)        mass(r)     rho_eps(r)     rho(r_eps)
  3.81469727e-6  6.51147374e+6  2.27234182e-9  2.52109608e+3  1.85091681e+3
  3.98358834e-6  6.23496201e+6  2.47788800e-9  2.52109585e+3  1.85091663e+3
  4.15995687e-6  5.97017352e+6  2.70202129e-9  2.52109560e+3  1.85091644e+3
  4.34413389e-6  5.71661124e+6  2.94642169e-9  2.52109533e+3  1.85091623e+3
  4.53646513e-6  5.47379921e+6  3.21292093e-9  2.52109503e+3  1.85091600e+3
  4.73731160e-6  5.24128167e+6  3.50351619e-9  2.52109470e+3  1.85091575e+3
  4.94705030e-6  5.01862216e+6  3.82038497e-9  2.52109435e+3  1.85091548e+3
  5.16607493e-6  4.80540274e+6  4.16590141e-9  2.52109396e+3  1.85091518e+3
  5.39479661e-6  4.60122318e+6  4.54265400e-9  2.52109354e+3  1.85091486e+3
  5.63364466e-6  4.40570022e+6  4.95346487e-9  2.52109308e+3  1.85091450e+3
  5.88306742e-6  4.21846685e+6  5.40141093e-9  2.52109258e+3  1.85091412e+3
  6.14353307e-6  4.03917163e+6  5.88984676e-9  2.52109203e+3  1.85091370e+3
  6.41553051e-6  3.86747801e+6  6.42242969e-9  2.52109144e+3  1.85091324e+3
  6.69957031e-6  3.70306370e+6  7.00314703e-9  2.52109079e+3  1.85091274e+3
  6.99618563e-6  3.54562009e+6  7.63634583e-9  2.52109008e+3  1.85091219e+3
  7.30593323e-6  3.39485165e+6  8.32676527e-9  2.52108931e+3  1.85091160e+3
  7.62939453e-6  3.25047538e+6  9.07957195e-9  2.52108847e+3  1.85091095e+3
  7.96717668e-6  3.11222027e+6  9.90039839e-9  2.52108755e+3  1.85091024e+3
  8.31991373e-6  2.97982681e+6  1.07953850e-8  2.52108654e+3  1.85090947e+3
  8.68826778e-6  2.85304649e+6  1.17712256e-8  2.52108545e+3  1.85090863e+3
  9.07293026e-6  2.73164134e+6  1.28352176e-8  2.52108426e+3  1.85090771e+3
  9.47462320e-6  2.61538346e+6  1.39953157e-8  2.52108296e+3  1.85090671e+3
  9.89410061e-6  2.50405464e+6  1.52601915e-8  2.52108154e+3  1.85090562e+3
  1.03321499e-5  2.39744590e+6  1.66392977e-8  2.52108000e+3  1.85090443e+3
  1.07895932e-5  2.29535714e+6  1.81429384e-8  2.52107831e+3  1.85090314e+3
  1.12672893e-5  2.19759673e+6  1.97823454e-8  2.52107647e+3  1.85090172e+3
  1.17661348e-5  2.10398115e+6  2.15697615e-8  2.52107447e+3  1.85090018e+3
  1.22870661e-5  2.01433470e+6  2.35185316e-8  2.52107229e+3  1.85089850e+3
  1.28310610e-5  1.92848910e+6  2.56432011e-8  2.52106990e+3  1.85089666e+3
  1.33991406e-5  1.84628321e+6  2.79596238e-8  2.52106730e+3  1.85089466e+3
  1.39923713e-5  1.76756272e+6  3.04850796e-8  2.52106447e+3  1.85089248e+3
  1.46118665e-5  1.69217988e+6  3.32384014e-8  2.52106138e+3  1.85089010e+3
  1.52587891e-5  1.61999318e+6  3.62401150e-8  2.52105801e+3  1.85088751e+3
  1.59343534e-5  1.55086713e+6  3.95125904e-8  2.52105434e+3  1.85088468e+3
  1.66398275e-5  1.48467196e+6  4.30802068e-8  2.52105033e+3  1.85088160e+3
  1.73765356e-5  1.42128344e+6  4.69695325e-8  2.52104596e+3  1.85087823e+3
  1.81458605e-5  1.36058257e+6  5.12095203e-8  2.52104119e+3  1.85087456e+3
  1.89492464e-5  1.30245541e+6  5.58317210e-8  2.52103599e+3  1.85087056e+3
  1.97882012e-5  1.24679286e+6  6.08705149e-8  2.52103033e+3  1.85086620e+3
  2.06642997e-5  1.19349043e+6  6.63633649e-8  2.52102415e+3  1.85086145e+3
  2.15791864e-5  1.14244808e+6  7.23510909e-8  2.52101741e+3  1.85085626e+3
  2.25345786e-5  1.09356998e+6  7.88781694e-8  2.52101006e+3  1.85085060e+3
  2.35322697e-5  1.04676440e+6  8.59930591e-8  2.52100204e+3  1.85084443e+3
  2.45741323e-5  1.00194348e+6  9.37485552e-8  2.52099330e+3  1.85083770e+3
  2.56621220e-5  9.59023083e+5  1.02202176e-7  2.52098377e+3  1.85083037e+3
  2.67982813e-5  9.17922646e+5  1.11416580e-7  2.52097338e+3  1.85082237e+3
  2.79847425e-5  8.78565021e+5  1.21460026e-7  2.52096204e+3  1.85081364e+3
  2.92237329e-5  8.40876331e+5  1.32406869e-7  2.52094968e+3  1.85080413e+3
  3.05175781e-5  8.04785833e+5  1.44338098e-7  2.52093620e+3  1.85079375e+3
  3.18687067e-5  7.70225781e+5  1.57341927e-7  2.52092151e+3  1.85078244e+3
  3.32796549e-5  7.37131303e+5  1.71514430e-7  2.52090548e+3  1.85077010e+3
  3.47530711e-5  7.05440280e+5  1.86960243e-7  2.52088800e+3  1.85075665e+3
  3.62917210e-5  6.75093224e+5  2.03793312e-7  2.52086894e+3  1.85074198e+3
  3.78984928e-5  6.46033172e+5  2.22137718e-7  2.52084815e+3  1.85072598e+3
  3.95764024e-5  6.18205576e+5  2.42128571e-7  2.52082548e+3  1.85070853e+3
  4.13285995e-5  5.91558201e+5  2.63912977e-7  2.52080077e+3  1.85068951e+3
  4.31583729e-5  5.66041027e+5  2.87651095e-7  2.52077381e+3  1.85066876e+3
  4.50691573e-5  5.41606158e+5  3.13517283e-7  2.52074442e+3  1.85064614e+3
  4.70645393e-5  5.18207726e+5  3.41701338e-7  2.52071237e+3  1.85062146e+3
  4.91482645e-5  4.95801810e+5  3.72409852e-7  2.52067741e+3  1.85059456e+3
  5.13242441e-5  4.74346353e+5  4.05867677e-7  2.52063930e+3  1.85056522e+3
  5.35965625e-5  4.53801080e+5  4.42319519e-7  2.52059773e+3  1.85053323e+3
  5.59694851e-5  4.34127425e+5  4.82031666e-7  2.52055241e+3  1.85049834e+3
  5.84474659e-5  4.15288459e+5  5.25293864e-7  2.52050298e+3  1.85046030e+3
  6.10351563e-5  3.97248819e+5  5.72421357e-7  2.52044909e+3  1.85041882e+3
  6.37374135e-5  3.79974642e+5  6.23757090e-7  2.52039031e+3  1.85037358e+3
  6.65593099e-5  3.63433503e+5  6.79674105e-7  2.52032623e+3  1.85032425e+3
  6.95061423e-5  3.47594350e+5  7.40578141e-7  2.52025634e+3  1.85027046e+3
  7.25834421e-5  3.32427452e+5  8.06910444e-7  2.52018013e+3  1.85021181e+3
  7.57969856e-5  3.17904337e+5  8.79150818e-7  2.52009703e+3  1.85014784e+3
  7.91528048e-5  3.03997744e+5  9.57820927e-7  2.52000642e+3  1.85007810e+3
  8.26571989e-5  2.90681565e+5  1.04348788e-6  2.51990761e+3  1.85000205e+3
  8.63167458e-5  2.77930805e+5  1.13676808e-6  2.51979986e+3  1.84991912e+3
  9.01383146e-5  2.65721527e+5  1.23833146e-6  2.51968238e+3  1.84982869e+3
  9.41290787e-5  2.54030811e+5  1.34890596e-6  2.51955427e+3  1.84973009e+3
  9.82965290e-5  2.42836709e+5  1.46928249e-6  2.51941396e+3  1.84962257e+3
  1.02648488e-4  2.32118207e+5  1.60032018e-6  2.51926165e+3  1.84950534e+3
  1.07193125e-4  2.21855183e+5  1.74295214e-6  2.51909556e+3  1.84937751e+3
  1.11938970e-4  2.12028368e+5  1.89819164e-6  2.51891508e+3  1.84923813e+3
  1.16894932e-4  2.02619313e+5  2.06713878e-6  2.51871762e+3  1.84908615e+3
  1.22070313e-4  1.93610354e+5  2.25098772e-6  2.51850233e+3  1.84892045e+3
  1.27474827e-4  1.84984574e+5  2.45103445e-6  2.51826758e+3  1.84873978e+3
  1.33118620e-4  1.76725778e+5  2.66868516e-6  2.51801164e+3  1.84854280e+3
  1.39012285e-4  1.68818459e+5  2.90546530e-6  2.51773258e+3  1.84832803e+3
  1.45166884e-4  1.61247768e+5  3.16302928e-6  2.51742833e+3  1.84809387e+3
  1.51593971e-4  1.53999488e+5  3.44317098e-6  2.51709662e+3  1.84783858e+3
  1.58305610e-4  1.47060008e+5  3.74783498e-6  2.51673498e+3  1.84756026e+3
  1.65314398e-4  1.40416294e+5  4.07912869e-6  2.51634065e+3  1.84725684e+3
  1.72633492e-4  1.34055868e+5  4.43933536e-6  2.51591083e+3  1.84692605e+3
  1.80276629e-4  1.27966782e+5  4.83092802e-6  2.51544226e+3  1.84656545e+3
  1.88258157e-4  1.22137597e+5  5.25658448e-6  2.51493146e+3  1.84617236e+3
  1.96593058e-4  1.16557362e+5  5.71920338e-6  2.51437464e+3  1.84574387e+3
  2.05296976e-4  1.11215592e+5  6.22192136e-6  2.51376769e+3  1.84527680e+3
  2.14386250e-4  1.06102247e+5  6.76813148e-6  2.51310610e+3  1.84476770e+3
  2.23877940e-4  1.01207718e+5  7.36150286e-6  2.51238499e+3  1.84421281e+3
  2.33789863e-4  9.65228023e+4  8.00600170e-6  2.51159911e+3  1.84360805e+3
  2.44140625e-4  9.20386920e+4  8.70591364e-6  2.51074254e+3  1.84294896e+3
  2.54949654e-4  8.77469540e+4  9.46586766e-6  2.50980905e+3  1.84223071e+3
  2.66237239e-4  8.36395149e+4  1.02908615e-5  2.50879179e+3  1.84144803e+3
  2.78024569e-4  7.97086462e+4  1.11862885e-5  2.50768332e+3  1.84059520e+3
  2.90333768e-4  7.59469489e+4  1.21579666e-5  2.50647553e+3  1.83966600e+3
  3.03187942e-4  7.23473403e+4  1.32121686e-5  2.50515962e+3  1.83865367e+3
  3.16611219e-4  6.89030401e+4  1.43556540e-5  2.50372606e+3  1.83755087e+3
  3.30628796e-4  6.56075575e+4  1.55957035e-5  2.50216444e+3  1.83634963e+3
  3.45266983e-4  6.24546792e+4  1.69401549e-5  2.50046350e+3  1.83504128e+3
  3.60553258e-4  5.94384574e+4  1.83974406e-5  2.49861100e+3  1.83361646e+3
  3.76516315e-4  5.65531985e+4  1.99766275e-5  2.49659368e+3  1.83206496e+3
  3.93186116e-4  5.37934524e+4  2.16874588e-5  2.49439714e+3  1.83037576e+3
  4.10593953e-4  5.11540017e+4  2.35403978e-5  2.49200580e+3  1.82853689e+3
  4.28772500e-4  4.86298523e+4  2.55466733e-5  2.48940276e+3  1.82653540e+3
  4.47755880e-4  4.62162233e+4  2.77183275e-5  2.48656975e+3  1.82435730e+3
  4.67579727e-4  4.39085382e+4  3.00682651e-5  2.48348699e+3  1.82198743e+3
  4.88281250e-4  4.17024159e+4  3.26103051e-5  2.48013312e+3  1.81940944e+3
  5.09899308e-4  3.95936625e+4  3.53592329e-5  2.47648505e+3  1.81660565e+3
  5.32474479e-4  3.75782627e+4  3.83308558e-5  2.47251789e+3  1.81355702e+3
  5.56049138e-4  3.56523727e+4  4.15420580e-5  2.46820480e+3  1.81024303e+3
  5.80667537e-4  3.38123123e+4  4.50108585e-5  2.46351686e+3  1.80664161e+3
  6.06375885e-4  3.20545578e+4  4.87564684e-5  2.45842301e+3  1.80272901e+3
  6.33222439e-4  3.03757350e+4  5.27993502e-5  2.45288986e+3  1.79847979e+3
  6.61257591e-4  2.87726132e+4  5.71612764e-5  2.44688152e+3  1.79386663e+3
  6.90533966e-4  2.72420980e+4  6.18653887e-5  2.44035979e+3  1.78886035e+3
  7.21106517e-4  2.57812258e+4  6.69362564e-5  2.43328361e+3  1.78342975e+3
  7.53032630e-4  2.43871578e+4  7.23999339e-5  2.42560924e+3  1.77754162e+3
  7.86372232e-4  2.30571743e+4  7.82840162e-5  2.41729011e+3  1.77116059e+3
  8.21187906e-4  2.17886694e+4  8.46176932e-5  2.40827671e+3  1.76424918e+3
  8.57545000e-4  2.05791457e+4  9.14317999e-5  2.39851662e+3  1.75676771e+3
  8.95511761e-4  1.94262094e+4  9.87588637e-5  2.38795442e+3  1.74867434e+3
  9.35159454e-4  1.83275654e+4  1.06633147e-4  2.37653175e+3  1.73992506e+3
  9.76562500e-4  1.72810130e+4  1.15090684e-4  2.36418733e+3  1.73047378e+3
  1.01979862e-3  1.62844411e+4  1.24169313e-4  2.35085705e+3  1.72027241e+3
  1.06494896e-3  1.53358241e+4  1.33908697e-4  2.33647418e+3  1.70927101e+3
  1.11209828e-3  1.44332178e+4  1.44350341e-4  2.32096955e+3  1.69741799e+3
  1.16133507e-3  1.35747557e+4  1.55537597e-4  2.30427186e+3  1.68466036e+3
  1.21275177e-3  1.27586450e+4  1.67515657e-4  2.28630807e+3  1.67094406e+3
  1.26644488e-3  1.19831630e+4  1.80331535e-4  2.26700387e+3  1.65621433e+3
  1.32251518e-3  1.12466540e+4  1.94034039e-4  2.24628427e+3  1.64041624e+3
  1.38106793e-3  1.05475256e+4  2.08673721e-4  2.22407430e+3  1.62349522e+3
  1.44221303e-3  9.88424587e+3  2.24302816e-4  2.20029984e+3  1.60539770e+3
  1.50606526e-3  9.25534019e+3  2.40975167e-4  2.17488848e+3  1.58607192e+3
  1.57274446e-3  8.65938851e+3  2.58746121e-4  2.14777072e+3  1.56546872e+3
  1.64237581e-3  8.09502262e+3  2.77672418e-4  2.11888109e+3  1.54354253e+3
  1.71509000e-3  7.56092357e+3  2.97812047e-4  2.08815950e+3  1.52025237e+3
  1.79102352e-3  7.05581931e+3  3.19224094e-4  2.05555266e+3  1.49556298e+3
  1.87031891e-3  6.57848232e+3  3.41968552e-4  2.02101578e+3  1.46944596e+3
  1.95312500e-3  6.12772755e+3  3.66106124e-4  1.98451366e+3  1.44188105e+3
  2.03959723e-3  5.70241037e+3  3.91697986e-4  1.94602311e+3  1.41285731e+3
  2.12989792e-3  5.30142467e+3  4.18805545e-4  1.90553412e+3  1.38237436e+3
  2.22419655e-3  4.92370117e+3  4.47490154e-4  1.86305165e+3  1.35044358e+3
  2.32267015e-3  4.56820576e+3  4.77812819e-4  1.81859716e+3  1.31708916e+3
  2.42550354e-3  4.23393801e+3  5.09833875e-4  1.77221003e+3  1.28234908e+3
  2.53288976e-3  3.91992982e+3  5.43612647e-4  1.72394877e+3  1.24627588e+3
  2.64503037e-3  3.62524414e+3  5.79207081e-4  1.67389201e+3  1.20893719e+3
  2.76213586e-3  3.34897386e+3  6.16673370e-4  1.62213907e+3  1.17041600e+3
  2.88442607e-3  3.09024079e+3  6.56065553e-4  1.56881026e+3  1.13081068e+3
  3.01213052e-3  2.84819471e+3  6.97435107e-4  1.51404668e+3  1.09023453e+3
  3.14548893e-3  2.62201260e+3  7.40830527e-4  1.45800957e+3  1.04881507e+3
  3.28475162e-3  2.41089788e+3  7.86296898e-4  1.40087925e+3  1.00669295e+3
  3.43018000e-3  2.21407978e+3  8.33875465e-4  1.34285329e+3  9.64020443e+2
  3.58204704e-3  2.03081282e+3  8.83603203e-4  1.28414466e+3  9.20959651e+2
  3.74063782e-3  1.86037629e+3  9.35512398e-4  1.22497940e+3  8.77680358e+2
  3.90625000e-3  1.70207386e+3  9.89630227e-4  1.16559181e+3  8.34357659e+2
  4.07919446e-3  1.55523323e+3  1.04597836e-3  1.10622492e+3  7.91169392e+2
  4.25979583e-3  1.41920579e+3  1.10457259e-3  1.04712328e+3  7.48293447e+2
  4.44839310e-3  1.29336636e+3  1.16542247e-3  9.88531154e+2  7.05905050e+2
  4.64534029e-3  1.17711299e+3  1.22853098e-3  9.30688412e+2  6.64174092e+2
  4.85100708e-3  1.06986668e+3  1.29389426e-3  8.73826981e+2  6.23262589e+2
  5.06577951e-3  9.71071243e+2  1.36150134e-3  8.18167601e+2  5.83322353e+2
  5.29006073e-3  8.80193053e+2  1.43133394e-3  7.63916249e+2  5.44492928e+2
  5.52427173e-3  7.96720878e+2  1.50336630e-3  7.11261842e+2  5.06899862e+2
  5.76885213e-3  7.20165662e+2  1.57756508e-3  6.60373646e+2  4.70653335e+2
  6.02426104e-3  6.50060299e+2  1.65388930e-3  6.11399569e+2  4.35847181e+2
  6.29097786e-3  5.85959391e+2  1.73229036e-3  5.64464672e+2  4.02558300e+2
  6.56950324e-3  5.27438972e+2  1.81271204e-3  5.19670526e+2  3.70846458e+2
  6.86036000e-3  4.74096208e+2  1.89509068e-3  4.77095131e+2  3.40754454e+2
  7.16409409e-3  4.25549055e+2  1.97935531e-3  4.36792460e+2  3.12308616e+2
  7.48127563e-3  3.81435887e+2  2.06542790e-3  3.98793943e+2  2.85519590e+2
  7.81250000e-3  3.41415084e+2  2.15322365e-3  3.63109045e+2  2.60383375e+2
  8.15838893e-3  3.05164579e+2  2.24265130e-3  3.29726863e+2  2.36882544e+2
  8.51959166e-3  2.72381376e+2  2.33361358e-3  2.98617881e+2  2.14987618e+2
  8.89678621e-3  2.42781015e+2  2.42600757e-3  2.69735683e+2  1.94658523e+2
  9.29068059e-3  2.16097022e+2  2.51972526e-3  2.43019182e+2  1.75846099e+2
  9.70201416e-3  1.92080308e+2  2.61465402e-3  2.18394715e+2  1.58493608e+2
  1.01315590e-2  1.70498554e+2  2.71067719e-3  1.95778114e+2  1.42538217e+2
  1.05801215e-2  1.51135560e+2  2.80767460e-3  1.75076885e+2  1.27912409e+2
  1.10485435e-2  1.33790579e+2  2.90552325e-3  1.56192202e+2  1.14545317e+2
  1.15377043e-2  1.18277632e+2  3.00409788e-3  1.39020835e+2  1.02363941e+2
  1.20485221e-2  1.04424807e+2  3.10327158e-3  1.23456911e+2  9.12942571e+1
  1.25819557e-2  9.20735579e+1  3.20291648e-3  1.09393528e+2  8.12621969e+1
  1.31390065e-2  8.10779933e+1  3.30290430e-3  9.67240785e+1  7.21944986e+1
  1.37207200e-2  7.13041681e+1  3.40310702e-3  8.53436682e+1  6.40194312e+1
  1.43281882e-2  6.26293818e+1  3.50339746e-3  7.51499783e+1  5.66673968e+1
  1.49625513e-2  5.49414844e+1  3.60364986e-3  6.60442006e+1  5.00714143e+1
  1.56250000e-2  4.81381971e+1  3.70374042e-3  5.79317276e+1  4.41674968e+1
  1.63167779e-2  4.21264475e+1  3.80354785e-3  5.07226605e+1  3.88949290e+1
  1.70391833e-2  3.68217254e+1  3.90295384e-3  4.43321634e+1  3.41964569e+1
  1.77935724e-2  3.21474606e+1  4.00184355e-3  3.86808071e+1  3.00183997e+1
  1.85813612e-2  2.80344239e+1  4.10010597e-3  3.36944857e+1  2.63106940e+1
  1.94040283e-2  2.44201553e+1  4.19763434e-3  2.93046392e+1  2.30268814e+1
  2.02631180e-2  2.12484181e+1  4.29432647e-3  2.54480930e+1  2.01240488e+1
  2.11602429e-2  1.84686824e+1  4.39008502e-3  2.20669386e+1  1.75627297e+1
  2.20970869e-2  1.60356370e+1  4.48481775e-3  1.91083532e+1  1.53067759e+1
  2.30754085e-2  1.39087304e+1  4.57843774e-3  1.65243458e+1  1.33232060e+1
  2.40970441e-2  1.20517409e+1  4.67086351e-3  1.42715276e+1  1.15820368e+1
  2.51639114e-2  1.04323761e+1  4.76201920e-3  1.23108022e+1  1.00561052e+1
  2.62780130e-2  9.02189981e+0  4.85183457e-3  1.06070804e+1  8.72088265e+0
  2.74414400e-2  7.79478729e+0  4.94024510e-3  9.12897907e+0  7.55428813e+0
  2.86563764e-2  6.72840662e+0  5.02719197e-3  7.84852237e+0  6.53650243e+0
  2.99251025e-2  5.80272589e+0  5.11262202e-3  6.74085021e+0  5.64978608e+0
  3.12500000e-2  5.00004468e+0  5.19648772e-3  5.78393667e+0  4.87830332e+0
  3.26335557e-2  4.30474871e+0  5.27874704e-3  4.95832120e+0  4.20795364e+0
  3.40783666e-2  3.70308631e+0  5.35936337e-3  4.24685522e+0  3.62621194e+0
  3.55871448e-2  3.18296536e+0  5.43830534e-3  3.63446541e+0  3.12197820e+0
  3.71627223e-2  2.73376941e+0  5.51554669e-3  3.10793306e+0  2.68543696e+0
  3.88080566e-2  2.34619159e+0  5.59106611e-3  2.65569369e+0  2.30792695e+0
  4.05262361e-2  2.01208493e+0  5.66484698e-3  2.26764766e+0  1.98182075e+0
  4.23204858e-2  1.72432795e+0  5.73687723e-3  1.93499547e+0  1.70041424e+0
  4.41941738e-2  1.47670417e+0  5.80714910e-3  1.65008302e+0  1.45782575e+0
  4.61508171e-2  1.26379433e+0  5.87565890e-3  1.40626469e+0  1.24890422e+0
  4.81940883e-2  1.08088032e+0  5.94240683e-3  1.19777985e+0  1.06914603e+0
  5.03278229e-2  9.23859663e-1  6.00739669e-3  1.01964301e+0  9.14620012e-1
  5.25560260e-2  7.89169506e-1  6.07063568e-3  8.67545663e-1  7.81899980e-1
  5.48828800e-2  6.73719340e-1  6.13213417e-3  7.37769737e-1  6.68004282e-1
  5.73127527e-2  5.74831445e-1  6.19190545e-3  6.27110711e-1  5.70341812e-1
  5.98502050e-2  4.90188340e-1  6.24996553e-3  5.32810165e-1  4.86663916e-1
  6.25000000e-2  4.17786479e-1  6.30633287e-3  4.52496404e-1  4.15021680e-1
  6.52671114e-2  3.55895527e-1  6.36102822e-3  3.84132474e-1  3.53728082e-1
  6.81567333e-2  3.03022608e-1  6.41407436e-3  3.25970709e-1  3.01324553e-1
  7.11742897e-2  2.57880979e-1  6.46549591e-3  2.76513071e-1  2.56551488e-1
  7.43254447e-2  2.19362603e-1  6.51531916e-3  2.34476809e-1  2.18322305e-1
  7.76161133e-2  1.86514205e-1  6.56357184e-3  1.98764196e-1  1.85700664e-1
  8.10524722e-2  1.58516373e-1  6.61028295e-3  1.68436879e-1  1.57880516e-1
  8.46409717e-2  1.34665356e-1  6.65548263e-3  1.42693172e-1  1.34168642e-1
  8.83883476e-2  1.14357237e-1  6.69920192e-3  1.20848736e-1  1.13969419e-1
  9.23016341e-2  9.70741784e-2  6.74147269e-3  1.02319759e-1  9.67715320e-2
  9.63881766e-2  8.23724881e-2  6.78232743e-3  8.66085303e-2  8.21364215e-2
  1.00655646e-1  6.98722857e-2  6.82179916e-3  7.32909851e-2  6.96882367e-2
  1.05112052e-1  5.92485541e-2  6.85992128e-3  6.20060262e-2  5.91051239e-2
  1.09765760e-1  5.02234052e-2  6.89672746e-3  5.24463343e-2  5.01116772e-2
  1.14625505e-1  4.25594031e-2  6.93225154e-3  4.43504994e-2  4.24724057e-2
  1.19700410e-1  3.60538032e-2  6.96652739e-3  3.74962667e-2  3.59860891e-2
  1.25000000e-1  3.05335894e-2  6.99958889e-3  3.16947538e-2  3.04809044e-2
  1.30534223e-1  2.58512016e-2  7.03146978e-3  2.67855434e-2  2.58102248e-2
  1.36313467e-1  2.18808615e-2  7.06220363e-3  2.26323911e-2  2.18490022e-2
  1.42348579e-1  1.85154155e-2  7.09182371e-3  1.91196816e-2  1.84906533e-2
  1.48650889e-1  1.56636247e-2  7.12036302e-3  1.61493198e-2  1.56443849e-2
  1.55232227e-1  1.32478404e-2  7.14785413e-3  1.36381091e-2  1.32328960e-2
  1.62104944e-1  1.12020117e-2  7.17432921e-3  1.15155112e-2  1.11904072e-2
  1.69281943e-1  9.46997914e-3  7.19981994e-3  9.72174295e-3  9.46097069e-3
  1.76776695e-1  8.00401538e-3  7.22435750e-3  8.20615237e-3  7.99702414e-3
  1.84603268e-1  6.76357606e-3  7.24797251e-3  6.92583033e-3  6.75815176e-3
  1.92776353e-1  5.71423327e-3  7.27069503e-3  5.84444817e-3  5.71002577e-3
  2.01311291e-1  4.82676436e-3  7.29255448e-3  4.93124750e-3  4.82350151e-3
  2.10224104e-1  4.07637446e-3  7.31357969e-3  4.16019588e-3  4.07384476e-3
  2.19531520e-1  3.44203330e-3  7.33379885e-3  3.50926878e-3  3.44007245e-3
  2.29251011e-1  2.90590989e-3  7.35323948e-3  2.95983395e-3  2.90439030e-3
  2.39400820e-1  2.45289096e-3  7.37192843e-3  2.49613384e-3  2.45171358e-3
  2.50000000e-1  2.07017094e-3  7.38989189e-3  2.10484454e-3  2.06925888e-3
  2.61068446e-1  1.74690289e-3  7.40715538e-3  1.77470289e-3  1.74619649e-3
  2.72626933e-1  1.47390176e-3  7.42374371e-3  1.49618892e-3  1.47335475e-3
  2.84697159e-1  1.24339197e-3  7.43968104e-3  1.26125833e-3  1.24296846e-3
  2.97301779e-1  1.04879294e-3  7.45499083e-3  1.06311458e-3  1.04846510e-3
  3.10464453e-1  8.84536919e-4  7.46969587e-3  8.96016599e-4  8.84283186e-4
  3.24209889e-1  7.45914306e-4  7.48381829e-3  7.55115692e-4  7.45717954e-4
  3.38563887e-1  6.28942339e-4  7.49737953e-3  6.36317371e-4  6.28790414e-4
  3.53553391e-1  5.30253721e-4  7.51040040e-3  5.36164824e-4  5.30136188e-4
  3.69206536e-1  4.47002152e-4  7.52290105e-3  4.51739883e-4  4.46911237e-4
  3.85552706e-1  3.76782233e-4  7.53490099e-3  3.80579510e-4  3.76711918e-4
  4.02622583e-1  3.17561594e-4  7.54641911e-3  3.20605083e-4  3.17507217e-4
  4.20448208e-1  2.67623383e-4  7.55747366e-3  2.70062793e-4  2.67581337e-4
  4.39063040e-1  2.25517560e-4  7.56808232e-3  2.27472813e-4  2.25485053e-4
  4.58502022e-1  1.90019658e-4  7.57826216e-3  1.91586903e-4  1.89994528e-4
  4.78801640e-1  1.60095869e-4  7.58802968e-3  1.61352151e-4  1.60076445e-4
  5.00000000e-1  1.34873508e-4  7.59740079e-3  1.35880553e-4  1.34858495e-4
  5.22136891e-1  1.13616016e-4  7.60639088e-3  1.14423309e-4  1.13604413e-4
  5.45253866e-1  9.57018262e-5  7.61501478e-3  9.63490121e-5  9.56928602e-5
  5.69394317e-1  8.06064862e-5  7.62328682e-3  8.11253478e-5  8.05995584e-5
  5.94603558e-1  6.78875489e-5  7.63122078e-3  6.83035523e-5  6.78821964e-5
  6.20928906e-1  5.71718004e-5  7.63882999e-3  5.75053558e-5  5.71676653e-5
  6.48419777e-1  4.81444674e-5  7.64612726e-3  4.84119323e-5  4.81412731e-5
  6.77127773e-1  4.05400996e-5  7.65312496e-3  4.07545824e-5  4.05376322e-5
  7.07106781e-1  3.41348679e-5  7.65983499e-3  3.43068768e-5  3.41329621e-5
  7.38413073e-1  2.87400600e-5  7.66626881e-3  2.88780114e-5  2.87385882e-5
  7.71105413e-1  2.41965887e-5  7.67243745e-3  2.43072351e-5  2.41954520e-5
  8.05245166e-1  2.03703550e-5  7.67835155e-3  2.04591057e-5  2.03694772e-5
  8.40896415e-1  1.71483347e-5  7.68402132e-3  1.72195295e-5  1.71476569e-5
  8.78126080e-1  1.44352758e-5  7.68945660e-3  1.44923910e-5  1.44347525e-5
  9.17004043e-1  1.21509111e-5  7.69466685e-3  1.21967347e-5  1.21505070e-5
  9.57603281e-1  1.02276071e-5  7.69966117e-3  1.02643743e-5  1.02272951e-5
  1.00000000e+0  8.60838004e-6  7.70444830e-3  8.63788267e-6  8.60813921e-6
  1.04427378e+0  7.24522341e-6  7.70903666e-3  7.26889835e-6  7.24503749e-6
  1.09050773e+0  6.09769638e-6  7.71343433e-3  6.11669650e-6  6.09755287e-6
  1.13878863e+0  5.13173426e-6  7.71764908e-3  5.14698357e-6  5.13162348e-6
  1.18920712e+0  4.31864519e-6  7.72168838e-3  4.33088510e-6  4.31855969e-6
  1.24185781e+0  3.63426443e-6  7.72555940e-3  3.64408964e-6  3.63419844e-6
  1.29683955e+0  3.05824135e-6  7.72926903e-3  3.06612880e-6  3.05819042e-6
  1.35425555e+0  2.57343854e-6  7.73282389e-3  2.57977084e-6  2.57339923e-6
  1.41421356e+0  2.16542532e-6  7.73623034e-3  2.17050952e-6  2.16539498e-6
  1.47682615e+0  1.82205094e-6  7.73949447e-3  1.82613333e-6  1.82202753e-6
  1.54221083e+0  1.53308496e-6  7.74262215e-3  1.53636311e-6  1.53306689e-6
  1.61049033e+0  1.28991420e-6  7.74561900e-3  1.29254681e-6  1.28990025e-6
  1.68179283e+0  1.08528744e-6  7.74849043e-3  1.08740177e-6  1.08527669e-6
  1.75625216e+0  9.13100415e-7  7.75124162e-3  9.14798595e-7  9.13092114e-7
  1.83400809e+0  7.68214563e-7  7.75387754e-3  7.69578620e-7  7.68208158e-7
  1.91520656e+0  6.46304494e-7  7.75640296e-3  6.47400199e-7  6.46299552e-7
  2.00000000e+0  5.43729447e-7  7.75882247e-3  5.44609684e-7  5.43725634e-7
  2.08854756e+0  4.57425054e-7  7.76114047e-3  4.58132235e-7  4.57422112e-7
  2.18101547e+0  3.84812188e-7  7.76336116e-3  3.85380357e-7  3.84809919e-7
  2.27757727e+0  3.23720210e-7  7.76548860e-3  3.24176738e-7  3.23718459e-7
  2.37841423e+0  2.72322336e-7  7.76752666e-3  2.72689173e-7  2.72320985e-7
  2.48371562e+0  2.29081220e-7  7.76947906e-3  2.29376011e-7  2.29080178e-7
  2.59367911e+0  1.92703139e-7  7.77134938e-3  1.92940038e-7  1.92702335e-7
  2.70851109e+0  1.62099420e-7  7.77314103e-3  1.62289819e-7  1.62098800e-7
  2.82842712e+0  1.36353968e-7  7.77485731e-3  1.36506999e-7  1.36353490e-7
  2.95365229e+0  1.14695933e-7  7.77650136e-3  1.14818932e-7  1.14695564e-7
  3.08442165e+0  9.64766981e-8  7.77807619e-3  9.65755686e-8  9.64764134e-8
  3.22098066e+0  8.11505119e-8  7.77958470e-3  8.12299883e-8  8.11502923e-8
  3.36358566e+0  6.82581874e-8  7.78102967e-3  6.83220767e-8  6.82580180e-8
  3.51250432e+0  5.74133806e-8  7.78241375e-3  5.74647437e-8  5.74132500e-8
  3.66801617e+0  4.82910431e-8  7.78373950e-3  4.83323346e-8  4.82909423e-8
  3.83041312e+0  4.06177027e-8  7.78500936e-3  4.06509010e-8  4.06176249e-8
  4.00000000e+0  3.41632854e-8  7.78622567e-3  3.41899126e-8  3.41632254e-8
  4.17709513e+0  2.86798540e-8  7.78738996e-3  2.87012370e-8  2.86798069e-8
  4.36203093e+0  2.39825948e-8  7.78850088e-3  2.39998111e-8  2.39825578e-8
  4.55515454e+0  1.99729470e-8  7.78955667e-3  1.99868105e-8  1.99729181e-8
  4.75682846e+0  1.65628995e-8  7.79055587e-3  1.65740633e-8  1.65628770e-8
  4.96743125e+0  1.36740396e-8  7.79149741e-3  1.36830292e-8  1.36740222e-8
  5.18735822e+0  1.12366781e-8  7.79238059e-3  1.12439163e-8  1.12366647e-8
  5.41702219e+0  9.18904295e-9  7.79320511e-3  9.19486899e-9  9.18903260e-9
  5.65685425e+0  7.47653709e-9  7.79397106e-3  7.48122832e-9  7.47652917e-9
  5.90730458e+0  6.05105466e-9  7.79467891e-3  6.05483063e-9  6.05104863e-9
  6.16884330e+0  4.87035055e-9  7.79532955e-3  4.87338952e-9  4.87034598e-9
  6.44196133e+0  3.89745945e-9  7.79592424e-3  3.89990485e-9  3.89745601e-9
  6.72717132e+0  3.10016066e-9  7.79646459e-3  3.10212818e-9  3.10015809e-9
  7.02500864e+0  2.45048510e-9  7.79695255e-3  2.45206788e-9  2.45048318e-9
  7.33603235e+0  1.92426163e-9  7.79739038e-3  1.92553474e-9  1.92426021e-9
  7.66082625e+0  1.50070016e-9  7.79778060e-3  1.50172405e-9  1.50069912e-9
  8.00000000e+0  1.16200891e-9  7.79812595e-3  1.16283226e-9  1.16200814e-9
  8.35419026e+0  8.93043928e-10  7.79842938e-3  8.93706009e-10  8.93043373e-10
  8.72406186e+0  6.80988908e-10  7.79869392e-3  6.81521153e-10  6.80988509e-10
  9.11030908e+0  5.15063466e-10  7.79892275e-3  5.15491340e-10  5.15063181e-10
  9.51365692e+0  3.86258392e-10  7.79911902e-3  3.86602347e-10  3.86258190e-10
  9.93486250e+0  2.87096313e-10  7.79928593e-3  2.87372796e-10  2.87096171e-10
  1.03747164e+1  2.11416354e-10  7.79942657e-3  2.11638558e-10  2.11416254e-10
  1.08340444e+1  1.54181408e-10  7.79954396e-3  1.54360054e-10  1.54181340e-10
  1.13137085e+1  1.11306667e-10  7.79964098e-3  1.11450271e-10  1.11306620e-10
  1.18146092e+1  7.95080489e-11  7.79972033e-3  7.96234901e-11  7.95080173e-11
  1.23376866e+1  5.61691867e-11  7.79978455e-3  5.62619940e-11  5.61691655e-11
  1.28839227e+1  3.92256053e-11  7.79983592e-3  3.93002237e-11  3.92255913e-11
  1.34543426e+1  2.70647236e-11  7.79987654e-3  2.71247241e-11  2.70647144e-11
  1.40500173e+1  1.84403039e-11  7.79990827e-3  1.84885530e-11  1.84402980e-11
  1.46720647e+1  1.23999785e-11  7.79993273e-3  1.24387851e-11  1.23999748e-11
  1.53216525e+1  8.22449614e-12  7.79995135e-3  8.25571051e-12  8.22449377e-12
  1.60000000e+1  5.37735991e-12  7.79996531e-3  5.40247071e-12  5.37735844e-12
  1.67083805e+1  3.46357490e-12  7.79997563e-3  3.48377805e-12  3.46357400e-12
  1.74481237e+1  2.19628030e-12  7.79998315e-3  2.21253674e-12  2.19627976e-12
  1.82206182e+1  1.37011787e-12  7.79998854e-3  1.38319996e-12  1.37011755e-12
  1.90273138e+1  8.40274230e-13  7.79999233e-3  8.50802843e-13  8.40274042e-13
  1.98697250e+1  5.06231502e-13  7.79999496e-3  5.14705772e-13  5.06231395e-13
  2.07494329e+1  2.99364186e-13  7.79999675e-3  3.06185505e-13  2.99364126e-13
  2.16680888e+1  1.73626277e-13  7.79999795e-3  1.79117422e-13  1.73626243e-13
  2.26274170e+1  9.86785008e-14  7.79999873e-3  1.03099112e-13  9.86784828e-14
  2.36292183e+1  5.49074315e-14  7.79999923e-3  5.84663791e-14  5.49074219e-14
  2.46753732e+1  2.98836716e-14  7.79999954e-3  3.27490231e-14  2.98836667e-14
  2.57678453e+1  1.58929948e-14  7.79999973e-3  1.81999958e-14  1.58929923e-14
  2.69086853e+1  8.25091998e-15  7.79999985e-3  1.01084181e-14  8.25091874e-15
  2.81000346e+1  4.17695773e-15  7.79999992e-3  5.67256483e-15  4.17695714e-15
  2.93441294e+1  2.05965533e-15  7.79999996e-3  3.26389607e-15  2.05965505e-15
  3.06433050e+1  9.88098033e-16  7.79999998e-3  1.95774658e-15  9.88097905e-16
  3.20000000e+1  4.60625941e-16  7.79999999e-3  1.24138928e-15  4.60625884e-16
  3.34167610e+1  2.08395386e-16  7.79999999e-3  8.37072547e-16  2.08395361e-16
  3.48962474e+1  9.13783292e-17  7.80000000e-3  5.97597396e-16  9.13783190e-17
  3.64412363e+1  3.87804007e-17  7.80000000e-3  4.46396530e-16  3.87803966e-17
  3.80546277e+1  1.59062304e-17  7.80000000e-3  3.44126920e-16  1.59062288e-17
  3.97394500e+1  6.29581943e-18  7.80000000e-3  2.70586567e-16  6.29581882e-18
  4.14988657e+1  2.40094585e-18  7.80000000e-3  2.15214452e-16  2.40094562e-18
  4.33361775e+1  8.80729073e-19  7.80000000e-3  1.72243893e-16  8.80728995e-19
  4.52548340e+1  3.10231050e-19  7.80000000e-3  1.38296760e-16  3.10231024e-19
  4.72584367e+1  1.04744489e-19  7.80000000e-3  1.11215662e-16  1.04744481e-19
  4.93507464e+1  3.38349538e-20  7.80000000e-3  8.95038509e-17  3.38349512e-20
  5.15356906e+1  1.04360923e-20  7.80000000e-3  7.20546254e-17  1.04360915e-20
  5.38173706e+1  3.06732593e-21  7.80000000e-3  5.80154897e-17  3.06732571e-21
  5.62000691e+1  8.57243273e-22  7.80000000e-3  4.67144834e-17  8.57243216e-22
  5.86882588e+1  2.27301224e-22  7.80000000e-3  3.76157109e-17  2.27301210e-22
  6.12866100e+1  5.70481405e-23  7.80000000e-3  3.02894215e-17  5.70481370e-23
  6.40000000e+1  1.35196970e-23  7.80000000e-3  2.43901413e-17  1.35196962e-23
