# listGammaModel[1, 0.00816, 1.64, 0.00521, 0.0104167, "bulge_g1_a00816_b164_e00375.txt", {2, -18, 6, 1/16}]
#             r         rho(r)        mass(r)     rho_eps(r)     rho(r_eps)
  3.81469727e-6  3.27611154e+6  1.14319880e-9  2.16052832e+2  1.01826833e+2
  3.98358834e-6  3.13702046e+6  1.24661556e-9  2.16052829e+2  1.01826831e+2
  4.15995687e-6  3.00382640e+6  1.35938517e-9  2.16052825e+2  1.01826829e+2
  4.34413389e-6  2.87627935e+6  1.48235316e-9  2.16052821e+2  1.01826827e+2
  4.53646513e-6  2.75413990e+6  1.61644142e-9  2.16052817e+2  1.01826825e+2
  4.73731160e-6  2.63717877e+6  1.76265514e-9  2.16052812e+2  1.01826823e+2
  4.94705030e-6  2.52517644e+6  1.92209031e-9  2.16052807e+2  1.01826820e+2
  5.16607493e-6  2.41792265e+6  2.09594190e-9  2.16052801e+2  1.01826817e+2
  5.39479661e-6  2.31521610e+6  2.28551281e-9  2.16052795e+2  1.01826814e+2
  5.63364466e-6  2.21686399e+6  2.49222358e-9  2.16052788e+2  1.01826811e+2
  5.88306742e-6  2.12268171e+6  2.71762307e-9  2.16052781e+2  1.01826807e+2
  6.14353307e-6  2.03249247e+6  2.96339992e-9  2.16052773e+2  1.01826803e+2
  6.41553051e-6  1.94612699e+6  3.23139526e-9  2.16052764e+2  1.01826799e+2
  6.69957031e-6  1.86342314e+6  3.52361640e-9  2.16052754e+2  1.01826795e+2
  6.99618563e-6  1.78422570e+6  3.84225182e-9  2.16052744e+2  1.01826789e+2
  7.30593323e-6  1.70838599e+6  4.18968752e-9  2.16052733e+2  1.01826784e+2
  7.62939453e-6  1.63576168e+6  4.56852476e-9  2.16052720e+2  1.01826778e+2
  7.96717668e-6  1.56621642e+6  4.98159953e-9  2.16052707e+2  1.01826771e+2
  8.31991373e-6  1.49961969e+6  5.43200363e-9  2.16052692e+2  1.01826764e+2
  8.68826778e-6  1.43584648e+6  5.92310774e-9  2.16052676e+2  1.01826756e+2
  9.07293026e-6  1.37477707e+6  6.45858651e-9  2.16052658e+2  1.01826747e+2
  9.47462320e-6  1.31629685e+6  7.04244593e-9  2.16052639e+2  1.01826738e+2
  9.89410061e-6  1.26029603e+6  7.67905313e-9  2.16052618e+2  1.01826728e+2
  1.03321499e-5  1.20666951e+6  8.37316890e-9  2.16052595e+2  1.01826717e+2
  1.07895932e-5  1.15531662e+6  9.12998305e-9  2.16052570e+2  1.01826704e+2
  1.12672893e-5  1.10614096e+6  9.95515305e-9  2.16052543e+2  1.01826691e+2
  1.17661348e-5  1.05905024e+6  1.08548460e-8  2.16052514e+2  1.01826677e+2
  1.22870661e-5  1.01395606e+6  1.18357844e-8  2.16052482e+2  1.01826661e+2
  1.28310610e-5  9.70773778e+5  1.29052963e-8  2.16052446e+2  1.01826644e+2
  1.33991406e-5  9.29422334e+5  1.40713692e-8  2.16052408e+2  1.01826625e+2
  1.39923713e-5  8.89824110e+5  1.53427096e-8  2.16052366e+2  1.01826605e+2
  1.46118665e-5  8.51904778e+5  1.67288077e-8  2.16052321e+2  1.01826582e+2
  1.52587891e-5  8.15593162e+5  1.82400071e-8  2.16052271e+2  1.01826558e+2
  1.59343534e-5  7.80821102e+5  1.98875818e-8  2.16052217e+2  1.01826531e+2
  1.66398275e-5  7.47523328e+5  2.16838195e-8  2.16052158e+2  1.01826503e+2
  1.73765356e-5  7.15637339e+5  2.36421124e-8  2.16052093e+2  1.01826471e+2
  1.81458605e-5  6.85103282e+5  2.57770560e-8  2.16052023e+2  1.01826437e+2
  1.89492464e-5  6.55863844e+5  2.81045569e-8  2.16051948e+2  1.01826399e+2
  1.97882012e-5  6.27864140e+5  3.06419501e-8  2.16051864e+2  1.01826358e+2
  2.06642997e-5  6.01051612e+5  3.34081268e-8  2.16051773e+2  1.01826314e+2
  2.15791864e-5  5.75375932e+5  3.64236732e-8  2.16051674e+2  1.01826265e+2
  2.25345786e-5  5.50788905e+5  3.97110223e-8  2.16051565e+2  1.01826212e+2
  2.35322697e-5  5.27244379e+5  4.32946185e-8  2.16051447e+2  1.01826154e+2
  2.45741323e-5  5.04698160e+5  4.72010970e-8  2.16051318e+2  1.01826091e+2
  2.56621220e-5  4.83107927e+5  5.14594791e-8  2.16051177e+2  1.01826022e+2
  2.67982813e-5  4.62433154e+5  5.61013852e-8  2.16051024e+2  1.01825947e+2
  2.79847425e-5  4.42635032e+5  6.11612657e-8  2.16050857e+2  1.01825865e+2
  2.92237329e-5  4.23676400e+5  6.66766529e-8  2.16050675e+2  1.01825776e+2
  3.05175781e-5  4.05521671e+5  7.26884351e-8  2.16050476e+2  1.01825679e+2
  3.18687067e-5  3.88136767e+5  7.92411548e-8  2.16050259e+2  1.01825573e+2
  3.32796549e-5  3.71489055e+5  8.63833325e-8  2.16050050e+2  1.01825457e+2
  3.47530711e-5  3.55547287e+5  9.41678202e-8  2.16049792e+2  1.01825331e+2
  3.62917210e-5  3.40281538e+5  1.02652184e-7  2.16049511e+2  1.01825193e+2
  3.78984928e-5  3.25663154e+5  1.11899124e-7  2.16049204e+2  1.01825043e+2
  3.95764024e-5  3.11664695e+5  1.21976924e-7  2.16048870e+2  1.01824880e+2
  4.13285995e-5  2.98259885e+5  1.32959947e-7  2.16048505e+2  1.01824701e+2
  4.31583729e-5  2.85423562e+5  1.44929174e-7  2.16048108e+2  1.01824507e+2
  4.50691573e-5  2.73131631e+5  1.57972782e-7  2.16047674e+2  1.01824295e+2
  4.70645393e-5  2.61361019e+5  1.72186782e-7  2.16047201e+2  1.01824063e+2
  4.91482645e-5  2.50089632e+5  1.87675706e-7  2.16046685e+2  1.01823811e+2
  5.13242441e-5  2.39296312e+5  2.04553353e-7  2.16046123e+2  1.01823536e+2
  5.35965625e-5  2.28960800e+5  2.22943606e-7  2.16045510e+2  1.01823236e+2
  5.59694851e-5  2.19063695e+5  2.42981310e-7  2.16044841e+2  1.01822909e+2
  5.84474659e-5  2.09586419e+5  2.64813236e-7  2.16044112e+2  1.01822552e+2
  6.10351563e-5  2.00511181e+5  2.88599114e-7  2.16043317e+2  1.01822163e+2
  6.37374135e-5  1.91820948e+5  3.14512770e-7  2.16042449e+2  1.01821738e+2
  6.65593099e-5  1.83499406e+5  3.42743350e-7  2.16041504e+2  1.01821276e+2
  6.95061423e-5  1.75530935e+5  3.73496645e-7  2.16040472e+2  1.01820771e+2
  7.25834421e-5  1.67900577e+5  4.06996542e-7  2.16039348e+2  1.01820221e+2
  7.57969856e-5  1.60594009e+5  4.43486584e-7  2.16038094e+2  1.01819621e+2
  7.91528048e-5  1.53597516e+5  4.83231666e-7  2.16036757e+2  1.01818967e+2
  8.26571989e-5  1.46897963e+5  5.26519879e-7  2.16035299e+2  1.01818253e+2
  8.63167458e-5  1.40482775e+5  5.73664500e-7  2.16033708e+2  1.01817475e+2
  9.01383146e-5  1.34339909e+5  6.25006149e-7  2.16031974e+2  1.01816626e+2
  9.41290787e-5  1.28457835e+5  6.80915133e-7  2.16030083e+2  1.01815701e+2
  9.82965290e-5  1.22825509e+5  7.41793976e-7  2.16028021e+2  1.01814692e+2
  1.02648488e-4  1.17432359e+5  8.08080158e-7  2.16025772e+2  1.01813592e+2
  1.07193125e-4  1.12268260e+5  8.80249082e-7  2.16023319e+2  1.01812392e+2
  1.11938970e-4  1.07323518e+5  9.58817282e-7  2.16020645e+2  1.01811083e+2
  1.16894932e-4  1.02588851e+5  1.04434589e-6  2.16017728e+2  1.01809656e+2
  1.22070313e-4  9.80553687e+4  1.13744438e-6  2.16014548e+2  1.01808100e+2
  1.27474827e-4  9.37145610e+4  1.23877462e-6  2.16011080e+2  1.01806403e+2
  1.33118620e-4  8.95582781e+4  1.34905526e-6  2.16007298e+2  1.01804553e+2
  1.39012285e-4  8.55787168e+4  1.46906641e-6  2.16003174e+2  1.01802535e+2
  1.45166884e-4  8.17684051e+4  1.59965477e-6  2.15998676e+2  1.01800335e+2
  1.51593971e-4  7.81201889e+4  1.74173911e-6  2.15993772e+2  1.01797936e+2
  1.58305610e-4  7.46272180e+4  1.89631617e-6  2.15988425e+2  1.01795319e+2
  1.65314398e-4  7.12829335e+4  2.06446705e-6  2.15982593e+2  1.01792466e+2
  1.72633492e-4  6.80810553e+4  2.24736406e-6  2.15976234e+2  1.01789355e+2
  1.80276629e-4  6.50155705e+4  2.44627811e-6  2.15969300e+2  1.01785962e+2
  1.88258157e-4  6.20807218e+4  2.66258664e-6  2.15961739e+2  1.01782263e+2
  1.96593058e-4  5.92709971e+4  2.89778214e-6  2.15953493e+2  1.01778229e+2
  2.05296976e-4  5.65811186e+4  3.15348131e-6  2.15944503e+2  1.01773830e+2
  2.14386250e-4  5.40060335e+4  3.43143489e-6  2.15934698e+2  1.01769034e+2
  2.23877940e-4  5.15409038e+4  3.73353816e-6  2.15924008e+2  1.01763803e+2
  2.33789863e-4  4.91810977e+4  4.06184224e-6  2.15912351e+2  1.01758100e+2
  2.44140625e-4  4.69221808e+4  4.41856619e-6  2.15899640e+2  1.01751882e+2
  2.54949654e-4  4.47599075e+4  4.80610984e-6  2.15885780e+2  1.01745101e+2
  2.66237239e-4  4.26902132e+4  5.22706765e-6  2.15870667e+2  1.01737707e+2
  2.78024569e-4  4.07092068e+4  5.68424337e-6  2.15854188e+2  1.01729645e+2
  2.90333768e-4  3.88131627e+4  6.18066576e-6  2.15836220e+2  1.01720855e+2
  3.03187942e-4  3.69985148e+4  6.71960529e-6  2.15816629e+2  1.01711270e+2
  3.16611219e-4  3.52618488e+4  7.30459184e-6  2.15795267e+2  1.01700820e+2
  3.30628796e-4  3.35998961e+4  7.93943366e-6  2.15771978e+2  1.01689426e+2
  3.45266983e-4  3.20095280e+4  8.62823730e-6  2.15746584e+2  1.01677003e+2
  3.60553258e-4  3.04877491e+4  9.37542882e-6  2.15718896e+2  1.01663458e+2
  3.76516315e-4  2.90316921e+4  1.01857762e-5  2.15688710e+2  1.01648691e+2
  3.93186116e-4  2.76386122e+4  1.10644132e-5  2.15655799e+2  1.01632592e+2
  4.10593953e-4  2.63058818e+4  1.20168638e-5  2.15619918e+2  1.01615040e+2
  4.28772500e-4  2.50309857e+4  1.30490691e-5  2.15580801e+2  1.01595905e+2
  4.47755880e-4  2.38115162e+4  1.41674143e-5  2.15538157e+2  1.01575045e+2
  4.67579727e-4  2.26451685e+4  1.53787581e-5  2.15491668e+2  1.01552305e+2
  4.88281250e-4  2.15297363e+4  1.66904624e-5  2.15440991e+2  1.01527517e+2
  5.09899308e-4  2.04631077e+4  1.81104241e-5  2.15385748e+2  1.01500496e+2
  5.32474479e-4  1.94432609e+4  1.96471078e-5  2.15325531e+2  1.01471043e+2
  5.56049138e-4  1.84682605e+4  2.13095798e-5  2.15259896e+2  1.01438941e+2
  5.80667537e-4  1.75362538e+4  2.31075431e-5  2.15188356e+2  1.01403952e+2
  6.06375885e-4  1.66454671e+4  2.50513739e-5  2.15110385e+2  1.01365818e+2
  6.33222439e-4  1.57942024e+4  2.71521582e-5  2.15025409e+2  1.01324261e+2
  6.61257591e-4  1.49808339e+4  2.94217307e-5  2.14932803e+2  1.01278973e+2
  6.90533966e-4  1.42038052e+4  3.18727126e-5  2.14831883e+2  1.01229625e+2
  7.21106517e-4  1.34616259e+4  3.45185517e-5  2.14721920e+2  1.01175856e+2
  7.53032630e-4  1.27528687e+4  3.73735610e-5  2.14602110e+2  1.01117273e+2
  7.86372232e-4  1.20761670e+4  4.04529590e-5  2.14471579e+2  1.01053452e+2
  8.21187906e-4  1.14302119e+4  4.37729086e-5  2.14329379e+2  1.00983930e+2
  8.57545000e-4  1.08137494e+4  4.73505562e-5  2.14174487e+2  1.00908205e+2
  8.95511761e-4  1.02255784e+4  5.12040688e-5  2.14005771e+2  1.00825732e+2
  9.35159454e-4  9.66454811e+3  5.53526714e-5  2.13822032e+2  1.00735922e+2
  9.76562500e-4  9.12955567e+3  5.98166808e-5  2.13621952e+2  1.00638132e+2
  1.01979862e-3  8.61954405e+3  6.46175386e-5  2.13404105e+2  1.00531669e+2
  1.06494896e-3  8.13349988e+3  6.97778405e-5  2.13166948e+2  1.00415781e+2
  1.11209828e-3  7.67045148e+3  7.53213621e-5  2.12908812e+2  1.00289655e+2
  1.16133507e-3  7.22946686e+3  8.12730817e-5  2.12627881e+2  1.00152409e+2
  1.21275177e-3  6.80965187e+3  8.76591966e-5  2.12322203e+2  1.00003093e+2
  1.26644488e-3  6.41014841e+3  9.45071358e-5  2.11989662e+2  9.98406781e+1
  1.32251518e-3  6.03013266e+3  1.01845565e-4  2.11627975e+2  9.96640569e+1
  1.38106793e-3  5.66881348e+3  1.09704385e-4  2.11234679e+2  9.94720342e+1
  1.44221303e-3  5.32543081e+3  1.18114724e-4  2.10807124e+2  9.92633233e+1
  1.50606526e-3  4.99925412e+3  1.27108917e-4  2.10342454e+2  9.90365407e+1
  1.57274446e-3  4.68958103e+3  1.36720479e-4  2.09837599e+2  9.87902005e+1
  1.64237581e-3  4.39573585e+3  1.46984069e-4  2.09289266e+2  9.85227089e+1
  1.71509000e-3  4.11706829e+3  1.57935437e-4  2.08693919e+2  9.82323596e+1
  1.79102352e-3  3.85295223e+3  1.69611368e-4  2.08047781e+2  9.79173288e+1
  1.87031891e-3  3.60278449e+3  1.82049600e-4  2.07346811e+2  9.75756708e+1
  1.95312500e-3  3.36598370e+3  1.95288743e-4  2.06586708e+2  9.72053141e+1
  2.03959723e-3  3.14198923e+3  2.09368174e-4  2.05762891e+2  9.68040590e+1
  2.12989792e-3  2.93026020e+3  2.24327919e-4  2.04870520e+2  9.63695752e+1
  2.22419655e-3  2.73027448e+3  2.40208521e-4  2.03904396e+2  9.58994015e+1
  2.32267015e-3  2.54152786e+3  2.57050894e-4  2.02859150e+2  9.53909466e+1
  2.42550354e-3  2.36353314e+3  2.74896154e-4  2.01729050e+2  9.48414922e+1
  2.53288976e-3  2.19581940e+3  2.93785447e-4  2.00508118e+2  9.42481979e+1
  2.64503037e-3  2.03793128e+3  3.13759745e-4  1.99190121e+2  9.36081094e+1
  2.76213586e-3  1.88942828e+3  3.34859641e-4  1.97768574e+2  9.29181692e+1
  2.88442607e-3  1.74988418e+3  3.57125121e-4  1.96236784e+2  9.21752316e+1
  3.01213052e-3  1.61888644e+3  3.80595329e-4  1.94587882e+2  9.13760807e+1
  3.14548893e-3  1.49603573e+3  4.05308308e-4  1.92814856e+2  9.05174545e+1
  3.28475162e-3  1.38094544e+3  4.31300747e-4  1.90910613e+2  8.95960724e+1
  3.43018000e-3  1.27324131e+3  4.58607700e-4  1.88868046e+2  8.86086694e+1
  3.58204704e-3  1.17256098e+3  4.87262311e-4  1.86680110e+2  8.75520356e+1
  3.74063782e-3  1.07855376e+3  5.17295531e-4  1.84339905e+2  8.64230620e+1
  3.90625000e-3  9.90880269e+2  5.48735824e-4  1.81840793e+2  8.52187926e+1
  4.07919446e-3  9.09212207e+2  5.81608883e-4  1.79176507e+2  8.39364834e+1
  4.25979583e-3  8.33232151e+2  6.15937347e-4  1.76341283e+2  8.25736663e+1
  4.44839310e-3  7.62633348e+2  6.51740514e-4  1.73329965e+2  8.11282203e+1
  4.64534029e-3  6.97119558e+2  6.89034078e-4  1.70138394e+2  7.95984462e+1
  4.85100708e-3  6.36404915e+2  7.27829867e-4  1.66763099e+2  7.79831459e+1
  5.06577951e-3  5.80213802e+2  7.68135598e-4  1.63201957e+2  7.62817036e+1
  5.29006073e-3  5.28280742e+2  8.09954658e-4  1.59454122e+2  7.44941677e+1
  5.52427173e-3  4.80350307e+2  8.53285899e-4  1.55520262e+2  7.26213302e+1
  5.76885213e-3  4.36177021e+2  8.98123461e-4  1.51402726e+2  7.06648014e+1
  6.02426104e-3  3.95525279e+2  9.44456623e-4  1.47105711e+2  6.86270774e+1
  6.29097786e-3  3.58169260e+2  9.92269688e-4  1.42635398e+2  6.65115953e+1
  6.56950324e-3  3.23892835e+2  1.04154190e-3  1.38000073e+2  6.43227753e+1
  6.86036000e-3  2.92489474e+2  1.09224738e-3  1.33210207e+2  6.20660433e+1
  7.16409409e-3  2.63762143e+2  1.14435514e-3  1.28278500e+2  5.97478332e+1
  7.48127563e-3  2.37523186e+2  1.19782909e-3  1.23219871e+2  5.73755650e+1
  7.81250000e-3  2.13594198e+2  1.25262810e-3  1.18051398e+2  5.49575969e+1
  8.15838893e-3  1.91805885e+2  1.30870612e-3  1.12792202e+2  5.25031505e+1
  8.51959166e-3  1.71997902e+2  1.36601231e-3  1.07463262e+2  5.00222077e+1
  8.89678621e-3  1.54018681e+2  1.42449123e-3  1.02087179e+2  4.75253831e+1
  9.29068059e-3  1.37725239e+2  1.48408304e-3  9.66878655e+1  4.50237709e+1
  9.70201416e-3  1.22982971e+2  1.54472378e-3  9.12902123e+1  4.25287729e+1
  1.01315590e-2  1.09665425e+2  1.60634562e-3  8.59196557e+1  4.00519107e+1
  1.05801215e-2  9.76540626e+1  1.66887722e-3  8.06018931e+1  3.76046292e+1
  1.10485435e-2  8.68380058e+1  1.73224402e-3  7.53621515e+1  3.51980966e+1
  1.15377043e-2  7.71137693e+1  1.79636863e-3  7.02250271e+1  3.28430092e+1
  1.20485221e-2  6.83849819e+1  1.86117123e-3  6.52138984e+1  3.05494073e+1
  1.25819557e-2  6.05620981e+1  1.92656995e-3  6.03505443e+1  2.83265082e+1
  1.31390065e-2  5.35621015e+1  1.99248126e-3  5.56547740e+1  2.61825630e+1
  1.37207200e-2  4.73082023e+1  2.05882043e-3  5.11441088e+1  2.41247411e+1
  1.43281882e-2  4.17295303e+1  2.12550192e-3  4.68335335e+1  2.21590450e+1
  1.49625513e-2  3.67608266e+1  2.19243983e-3  4.27353090e+1  2.02902589e+1
  1.56250000e-2  3.23421346e+1  2.25954827e-3  3.88588750e+1  1.85219286e+1
  1.63167779e-2  2.84184923e+1  2.32674180e-3  3.52108197e+1  1.68563745e+1
  1.70391833e-2  2.49396296e+1  2.39393581e-3  3.17949213e+1  1.52947324e+1
  1.77935724e-2  2.18596692e+1  2.46104691e-3  2.86122608e+1  1.38370201e+1
  1.85813612e-2  1.91368353e+1  2.52799327e-3  2.56613413e+1  1.24822248e+1
  1.94040283e-2  1.67331695e+1  2.59469495e-3  2.29385269e+1  1.12284077e+1
  2.02631180e-2  1.46142571e+1  2.66107426e-3  2.04379918e+1  1.00728186e+1
  2.11602429e-2  1.27489621e+1  2.72705598e-3  1.81520814e+1  9.01201824e+0
  2.20970869e-2  1.11091751e+1  2.79256766e-3  1.60717980e+1  8.04200230e+0
  2.30754085e-2  9.66957092e+0  2.85753987e-3  1.41869240e+1  7.15832330e+0
  2.40970441e-2  8.40738032e+0  2.92190635e-3  1.24863605e+1  6.35620778e+0
  2.51639114e-2  7.30217287e+0  2.98560422e-3  1.09584065e+1  5.63066532e+0
  2.62780130e-2  6.33565316e+0  3.04857411e-3  9.59101297e+0  4.97658781e+0
  2.74414400e-2  5.49146957e+0  3.11076030e-3  8.37201697e+0  4.38883756e+0
  2.86563764e-2  4.75503566e+0  3.17211078e-3  7.28934299e+0  3.86232357e+0
  2.99251025e-2  4.11336396e+0  3.23257730e-3  6.33117393e+0  3.39206573e+0
  3.12500000e-2  3.55491194e+0  3.29211544e-3  5.48609138e+0  2.97324729e+0
  3.26335557e-2  3.06943960e+0  3.35068462e-3  4.74319502e+0  2.60125616e+0
  3.40783666e-2  2.64787851e+0  3.40824804e-3  4.09216914e+0  2.27171583e+0
  3.55871448e-2  2.28221148e+0  3.46477268e-3  3.52335855e+0  1.98050705e+0
  3.71627223e-2  1.96536260e+0  3.52022925e-3  3.02779370e+0  1.72378128e+0
  3.88080566e-2  1.69109694e+0  3.57459210e-3  2.59720922e+0  1.49796713e+0
  4.05262361e-2  1.45392934e+0  3.62783913e-3  2.22404264e+0  1.29977087e+0
  4.23204858e-2  1.24904174e+0  3.67995171e-3  1.90142163e+0  1.12617209e+0
  4.41941738e-2  1.07220844e+0  3.73091453e-3  1.62313824e+0  9.74415579e-1
  4.61508171e-2  9.19728765e-1  3.78071550e-3  1.38361698e+0  8.42000258e-1
  4.81940883e-2  7.88366424e-1  3.82934561e-3  1.17787693e+0  7.26665936e-1
  5.03278229e-2  6.75295199e-1  3.87679877e-3  1.00149022e+0  6.26378675e-1
  5.25560260e-2  5.78050313e-1  3.92307168e-3  8.50538536e-1  5.39315268e-1
  5.48828800e-2  4.94485026e-1  3.96816369e-3  7.21569392e-1  4.63847343e-1
  5.73127527e-2  4.22731980e-1  4.01207661e-3  6.11552577e-1  3.98525465e-1
  5.98502050e-2  3.61168843e-1  4.05481458e-3  5.17838659e-1  3.42063565e-1
  6.25000000e-2  3.08387848e-1  4.09638390e-3  4.38118765e-1  2.93323905e-1
  6.52671114e-2  2.63168830e-1  4.13679290e-3  3.70387347e-1  2.51302761e-1
  6.81567333e-2  2.24455416e-1  4.17605175e-3  3.12907478e-1  2.15116941e-1
  7.11742897e-2  1.91334030e-1  4.21417232e-3  2.64179049e-1  1.83991206e-1
  7.43254447e-2  1.63015423e-1  4.25116807e-3  2.22909629e-1  1.57246633e-1
  7.76161133e-2  1.38818450e-1  4.28705384e-3  1.87988495e-1  1.34289926e-1
  8.10524722e-2  1.18155838e-1  4.32184578e-3  1.58463087e-1  1.14603664e-1
  8.46409717e-2  1.00521732e-1  4.35556116e-3  1.33518151e-1  9.77374602e-2
  8.83883476e-2  8.54808085e-2  4.38821828e-3  1.12457190e-1  8.32999735e-2
  9.23016341e-2  7.26587745e-2  4.41983632e-3  9.46862794e-2  7.09517445e-2
  9.63881766e-2  6.17340856e-2  4.45043525e-3  7.96996615e-2  6.03987842e-2
  1.00655646e-1  5.24307418e-2  4.48003569e-3  6.70673116e-2  5.13868646e-2
  1.05112052e-1  4.45120253e-2  4.50865885e-3  5.64240795e-2  4.36964517e-2
  1.09765760e-1  3.77750660e-2  4.53632637e-3  4.74602579e-2  3.71382241e-2
  1.14625505e-1  3.20461309e-2  4.56306027e-3  3.99135090e-2  3.15491205e-2
  1.19700410e-1  2.71765458e-2  4.58888288e-3  3.35617329e-2  2.67888644e-2
  1.25000000e-1  2.30391685e-2  4.61381669e-3  2.82171644e-2  2.27369162e-2
  1.30534223e-1  1.95253430e-2  4.63788436e-3  2.37211482e-2  1.92898061e-2
  1.36313467e-1  1.65422709e-2  4.66110858e-3  1.99397315e-2  1.63588066e-2
  1.42348579e-1  1.40107462e-2  4.68351207e-3  1.67598980e-2  1.38679040e-2
  1.48650889e-1  1.18632042e-2  4.70511747e-3  1.40863352e-2  1.17520358e-2
  1.55232227e-1  1.00420439e-2  4.72594730e-3  1.18387279e-2  9.95556011e-3
  1.62104944e-1  8.49818516e-3  4.74602393e-3  9.94941137e-3  8.43093043e-3
  1.69281943e-1  7.18983098e-3  4.76536954e-3  8.36140759e-3  7.13754881e-3
  1.76776695e-1  6.08140440e-3  4.78400603e-3  7.02675605e-3  6.04077562e-3
  1.84603268e-1  5.14263788e-3  4.80195506e-3  5.90510810e-3  5.11107550e-3
  1.92776353e-1  4.34779306e-3  4.81923796e-3  4.96248245e-3  4.32328168e-3
  2.01311291e-1  3.67499292e-3  4.83587573e-3  4.17035360e-3  3.65596314e-3
  2.10224104e-1  3.10565060e-3  4.85188900e-3  3.50470046e-3  3.09088084e-3
  2.19531520e-1  2.62398120e-3  4.86729802e-3  2.94533519e-3  2.61252100e-3
  2.29251011e-1  2.21658476e-3  4.88212266e-3  2.47528846e-3  2.20769489e-3
  2.39400820e-1  1.87209033e-3  4.89638236e-3  2.08029628e-3  1.86519607e-3
  2.50000000e-1  1.58085234e-3  4.91009613e-3  1.74837212e-3  1.57550701e-3
  2.61068446e-1  1.33469170e-3  4.92328256e-3  1.46944228e-3  1.33054827e-3
  2.72626933e-1  1.12667520e-3  4.93595978e-3  1.23504172e-3  1.12346414e-3
  2.84697159e-1  9.50927718e-4  4.94814547e-3  1.03805787e-3  9.48439758e-4
  2.97301779e-1  8.02472274e-4  4.95985688e-3  8.72514182e-4  8.00544971e-4
  3.10464453e-1  6.77094026e-4  4.97111078e-3  7.33389230e-4  6.75601329e-4
  3.24209889e-1  5.71224598e-4  4.98192349e-3  6.16463502e-4  5.70068721e-4
  3.38563887e-1  4.81843776e-4  4.99231087e-3  5.18193215e-4  4.80948878e-4
  3.53553391e-1  4.06395983e-4  5.00228835e-3  4.35598716e-4  4.05703257e-4
  3.69206536e-1  3.42719357e-4  5.01187087e-3  3.66177767e-4  3.42183217e-4
  3.85552706e-1  2.88985548e-4  5.02107296e-3  3.07827647e-4  2.88570664e-4
  4.02622583e-1  2.43648632e-4  5.02990869e-3  2.58781483e-4  2.43327630e-4
  4.20448208e-1  2.05401787e-4  5.03839169e-3  2.17554615e-4  2.05153457e-4
  4.39063040e-1  1.73140547e-4  5.04653517e-3  1.82899516e-4  1.72948464e-4
  4.58502022e-1  1.45931667e-4  5.05435191e-3  1.53767845e-4  1.45783111e-4
  4.78801640e-1  1.22986740e-4  5.06185428e-3  1.29278518e-4  1.22871861e-4
  5.00000000e-1  1.03639841e-4  5.06905424e-3  1.08691618e-4  1.03551016e-4
  5.22136891e-1  8.73286106e-5  5.07596336e-3  9.13845479e-5  8.72599385e-5
  5.45253866e-1  7.35782254e-5  5.08259280e-3  7.68345434e-5  7.35251398e-5
  5.69394317e-1  6.19878453e-5  5.08895336e-3  6.46021403e-5  6.19468128e-5
  5.94603558e-1  5.22191391e-5  5.09505544e-3  5.43179665e-5  5.21874263e-5
  6.20928906e-1  4.39865819e-5  5.10090911e-3  4.56715691e-5  4.39620744e-5
  6.48419777e-1  3.70492494e-5  5.10652407e-3  3.84019966e-5  3.70303118e-5
  6.77127773e-1  3.12038797e-5  5.11190966e-3  3.22899018e-5  3.11892475e-5
  7.07106781e-1  2.62790102e-5  5.11707492e-3  2.71509064e-5  2.62677056e-5
  7.38413073e-1  2.21300212e-5  5.12202852e-3  2.28300204e-5  2.21212881e-5
  7.71105413e-1  1.86349495e-5  5.12677885e-3  1.91969518e-5  1.86282034e-5
  8.05245166e-1  1.56909511e-5  5.13133398e-3  1.61421670e-5  1.56857404e-5
  8.40896415e-1  1.32113144e-5  5.13570169e-3  1.35735954e-5  1.32072899e-5
  8.78126080e-1  1.11229379e-5  5.13988944e-3  1.14138213e-5  1.11198298e-5
  9.17004043e-1  9.36420012e-6  5.14390445e-3  9.59776625e-6  9.36179989e-6
  9.57603281e-1  7.88316253e-6  5.14775365e-3  8.07070986e-6  7.88130907e-6
  1.00000000e+0  6.63605209e-6  5.15144370e-3  6.78665334e-6  6.63462094e-6
  1.04427378e+0  5.58598104e-6  5.15498103e-3  5.70691864e-6  5.58487604e-6
  1.09050773e+0  4.70186672e-6  5.15837181e-3  4.79898760e-6  4.70101359e-6
  1.13878863e+0  3.95752022e-6  5.16162196e-3  4.03551725e-6  3.95686158e-6
  1.18920712e+0  3.33087776e-6  5.16473720e-3  3.39351947e-6  3.33036930e-6
  1.24185781e+0  2.80335240e-6  5.16772300e-3  2.85366353e-6  2.80295989e-6
  1.29683955e+0  2.35928732e-6  5.17058465e-3  2.39969664e-6  2.35898434e-6
  1.35425555e+0  1.98549491e-6  5.17332720e-3  2.01795228e-6  1.98526104e-6
  1.41421356e+0  1.67086807e-6  5.17595552e-3  1.69693869e-6  1.67068757e-6
  1.47682615e+0  1.40605269e-6  5.17847428e-3  1.42699305e-6  1.40591337e-6
  1.54221083e+0  1.18317140e-6  5.18088798e-3  1.19998970e-6  1.18306388e-6
  1.61049033e+0  9.95590924e-7  5.18320093e-3  1.00908825e-6  9.95507942e-7
  1.68179283e+0  8.37198943e-7  5.18541701e-3  8.47984474e-7  8.37134137e-7
  1.75625216e+0  7.01547509e-7  5.18753575e-3  7.10223769e-7  7.01496599e-7
  1.83400809e+0  5.85534517e-7  5.18955364e-3  5.92520534e-7  5.85494663e-7
  1.91520656e+0  4.86674048e-7  5.19146765e-3  4.92300514e-7  4.86642965e-7
  2.00000000e+0  4.02748585e-7  5.19327543e-3  4.07280307e-7  4.02724436e-7
  2.08854756e+0  3.31784686e-7  5.19497529e-3  3.35434444e-7  3.31766000e-7
  2.18101547e+0  2.72030595e-7  5.19656628e-3  2.74969657e-7  2.72016199e-7
  2.27757727e+0  2.21935628e-7  5.19804817e-3  2.24301972e-7  2.21924586e-7
  2.37841423e+0  1.80131172e-7  5.19942148e-3  1.82035922e-7  1.80122744e-7
  2.48371562e+0  1.45413189e-7  5.20068745e-3  1.46946122e-7  1.45406786e-7
  2.59367911e+0  1.16726076e-7  5.20184805e-3  1.17959404e-7  1.16721238e-7
  2.70851109e+0  9.31478068e-8  5.20290594e-3  9.41398064e-8  9.31441707e-8
  2.82842712e+0  7.38762305e-8  5.20386442e-3  7.46738968e-8  7.38735132e-8
  2.95365229e+0  5.82164661e-8  5.20472739e-3  5.88576825e-8  5.82144477e-8
  3.08442165e+0  4.55693046e-8  5.20549929e-3  4.60846100e-8  4.55678147e-8
  3.22098066e+0  3.54205562e-8  5.20618502e-3  3.58345613e-8  3.54194636e-8
  3.36358566e+0  2.73312826e-8  5.20678984e-3  2.76638161e-8  2.73304869e-8
  3.51250432e+0  2.09288610e-8  5.20731935e-3  2.11958933e-8  2.09282857e-8
  3.66801617e+0  1.58988303e-8  5.20777931e-3  1.61132196e-8  1.58984174e-8
  3.83041312e+0  1.19774756e-8  5.20817561e-3  1.21495704e-8  1.19771817e-8
  4.00000000e+0  8.94511061e-9  5.20851418e-3  9.08323686e-9  8.94490309e-9
  4.17709513e+0  6.62001679e-9  5.20880086e-3  6.73086872e-9  6.61987154e-9
  4.36203093e+0  4.85300424e-9  5.20904137e-3  4.94196319e-9  4.85290350e-9
  4.55515454e+0  3.52255651e-9  5.20924120e-3  3.59394594e-9  3.52248730e-9
  4.75682846e+0  2.53052375e-9  5.20940556e-3  2.58781591e-9  2.53047668e-9
  4.96743125e+0  1.79832844e-9  5.20953933e-3  1.84431081e-9  1.79829676e-9
  5.18735822e+0  1.26364749e-9  5.20964700e-3  1.30055710e-9  1.26362640e-9
  5.41702219e+0  8.77534466e-10  5.20973267e-3  9.07166001e-10  8.77520583e-10
  5.65685425e+0  6.01945427e-10  5.20980003e-3  6.25738354e-10  6.01936398e-10
  5.90730458e+0  4.07631834e-10  5.20985232e-3  4.26740499e-10  4.07626034e-10
  6.16884330e+0  2.72364165e-10  5.20989240e-3  2.87714189e-10  2.72360489e-10
  6.44196133e+0  1.79450497e-10  5.20992269e-3  1.91784028e-10  1.79448199e-10
  6.72717132e+0  1.16515228e-10  5.20994526e-3  1.26427355e-10  1.16513811e-10
  7.02500864e+0  7.45045165e-11  5.20996183e-3  8.24724531e-11  7.45036562e-11
  7.33603235e+0  4.68867907e-11  5.20997380e-3  5.32932873e-11  4.68862764e-11
  7.66082625e+0  2.90188035e-11  5.20998232e-3  3.41709159e-11  2.90185011e-11
  8.00000000e+0  1.76501780e-11  5.20998827e-3  2.17943032e-11  1.76500032e-11
  8.35419026e+0  1.05420383e-11  5.20999236e-3  1.38759572e-11  1.05419391e-11
  8.72406186e+0  6.17812230e-12  5.20999512e-3  8.86064358e-12  6.17806698e-12
  9.11030908e+0  3.54960352e-12  5.20999694e-3  5.70828494e-12  3.54957329e-12
  9.51365692e+0  1.99762283e-12  5.20999812e-3  3.73495437e-12  1.99760664e-12
  9.93486250e+0  1.10016907e-12  5.20999887e-3  2.49852502e-12  1.10016059e-12
  1.03747164e+1  5.92382248e-13  5.20999934e-3  1.71798856e-12  5.92377901e-13
  1.08340444e+1  3.11535306e-13  5.20999962e-3  1.21764924e-12  3.11533130e-13
  1.13137085e+1  1.59853406e-13  5.20999979e-3  8.89313050e-13  1.59852343e-13
  1.18146092e+1  7.99415547e-14  5.20999988e-3  6.67211090e-13  7.99410482e-14
  1.23376866e+1  3.89193061e-14  5.20999994e-3  5.11730563e-13  3.89190712e-14
  1.28839227e+1  1.84239708e-14  5.20999997e-3  3.99094631e-13  1.84238649e-14
  1.34543426e+1  8.47009013e-15  5.20999998e-3  3.14962709e-13  8.47004371e-15
  1.40500173e+1  3.77673580e-15  5.20999999e-3  2.50549893e-13  3.77671607e-15
  1.46720647e+1  1.63110217e-15  5.21000000e-3  2.00323738e-13  1.63109405e-15
  1.53216525e+1  6.81346305e-16  5.21000000e-3  1.60663142e-13  6.81343070e-16
  1.60000000e+1  2.74875374e-16  5.21000000e-3  1.29089014e-13  2.74874129e-16
  1.67083805e+1  1.06933943e-16  5.21000000e-3  1.03826351e-13  1.06933482e-16
  1.74481237e+1  4.00505194e-17  5.21000000e-3  8.35541308e-14  4.00503544e-17
  1.82206182e+1  1.44172886e-17  5.21000000e-3  6.72597358e-14  1.44172319e-17
  1.90273138e+1  4.97943003e-18  5.21000000e-3  5.41510340e-14  4.97941135e-18
  1.98697250e+1  1.64702527e-18  5.21000000e-3  4.36003656e-14  1.64701937e-18
  2.07494329e+1  5.20731943e-19  5.21000000e-3  3.51066187e-14  5.20730163e-19
  2.16680888e+1  1.57055606e-19  5.21000000e-3  2.82680297e-14  1.57055093e-19
  2.26274170e+1  4.50932396e-20  5.21000000e-3  2.27617746e-14  4.50930991e-20
  2.36292183e+1  1.22982007e-20  5.21000000e-3  1.83281695e-14  1.22981641e-20
  2.46753732e+1  3.17874231e-21  5.21000000e-3  1.47582112e-14  3.17873328e-21
  2.57678453e+1  7.76819949e-22  5.21000000e-3  1.18836443e-14  7.76817842e-22
  2.69086853e+1  1.79043562e-22  5.21000000e-3  9.56900243e-15  1.79043098e-22
  2.81000346e+1  3.88190232e-23  5.21000000e-3  7.70521322e-15  3.88189272e-23
  2.93441294e+1  7.89591522e-24  5.21000000e-3  6.20445352e-15  7.89589655e-24
  3.06433050e+1  1.50246618e-24  5.21000000e-3  4.99600892e-15  1.50246278e-24
  3.20000000e+1  2.66667021e-25  5.21000000e-3  4.02294042e-15  2.66666445e-25
  3.34167610e+1  4.40106272e-26  5.21000000e-3  3.23940058e-15  4.40105365e-26
  3.48962474e+1  6.73242381e-27  5.21000000e-3  2.60847281e-15  6.73241054e-27
  3.64412363e+1  9.51373555e-28  5.21000000e-3  2.10043149e-15  9.51371763e-28
  3.80546277e+1  1.23757609e-28  5.21000000e-3  1.69134121e-15  1.23757386e-28
  3.97394500e+1  1.47652878e-29  5.21000000e-3  1.36192879e-15  1.47652623e-29
  4.14988657e+1  1.60952815e-30  5.21000000e-3  1.09667511e-15  1.60952550e-30
  4.33361775e+1  1.59663547e-31  5.21000000e-3  8.83083883e-16  1.59663296e-31
  4.52548340e+1  1.43532587e-32  5.21000000e-3  7.11092798e-16  1.43532371e-32
  4.72584367e+1  1.16423203e-33  5.21000000e-3  5.72599443e-16  1.16423035e-33
  4.93507464e+1  8.48195146e-35  5.21000000e-3  4.61079544e-16  8.48193979e-35
  5.15356906e+1  5.52401216e-36  5.21000000e-3  3.71279574e-16  5.52400490e-36
  5.38173706e+1  3.20007424e-37  5.21000000e-3  2.98969238e-16  3.20007022e-37
  5.62000691e+1  1.64044092e-38  5.21000000e-3  2.40742174e-16  1.64043894e-38
  5.86882588e+1  7.40125024e-40  5.21000000e-3  1.93855468e-16  7.40124173e-40
  6.12866100e+1  2.92239080e-41  5.21000000e-3  1.56100438e-16  2.92238758e-41
  6.40000000e+1  1.00391340e-42  5.21000000e-3  1.25698576e-16  1.00391235e-42
