# listGammaModel[1, 0.02, 4., 0.03125, 0.00375, "bulge_g1_a02_b4_e00375.txt", {2, -18, 6, 1/16}]
#             r         rho(r)        mass(r)     rho_eps(r)     rho(r_eps)
  3.81469727e-6  3.27387617e+6  1.14210275e-9  2.15452700e+3  1.98993254e+3
  3.98358834e-6  3.13499516e+6  1.24545085e-9  2.15452686e+3  1.98993241e+3
  4.15995687e-6  3.00200224e+6  1.35814984e-9  2.15452670e+3  1.98993226e+3
  4.34413389e-6  2.87464780e+6  1.48104563e-9  2.15452653e+3  1.98993209e+3
  4.53646513e-6  2.75269276e+6  1.61506065e-9  2.15452634e+3  1.98993192e+3
  4.73731160e-6  2.63590822e+6  1.76120077e-9  2.15452614e+3  1.98993172e+3
  4.94705030e-6  2.52407497e+6  1.92056278e-9  2.15452591e+3  1.98993151e+3
  5.16607493e-6  2.41698309e+6  2.09434271e-9  2.15452567e+3  1.98993128e+3
  5.39479661e-6  2.31443155e+6  2.28384469e-9  2.15452540e+3  1.98993103e+3
  5.63364466e-6  2.21622786e+6  2.49049083e-9  2.15452511e+3  1.98993075e+3
  5.88306742e-6  2.12218769e+6  2.71583178e-9  2.15452480e+3  1.98993045e+3
  6.14353307e-6  2.03213453e+6  2.96155845e-9  2.15452445e+3  1.98993013e+3
  6.41553051e-6  1.94589932e+6  3.22951457e-9  2.15452408e+3  1.98992977e+3
  6.69957031e-6  1.86332021e+6  3.52171061e-9  2.15452367e+3  1.98992938e+3
  6.99618563e-6  1.78424219e+6  3.84033878e-9  2.15452322e+3  1.98992896e+3
  7.30593323e-6  1.70851682e+6  4.18778947e-9  2.15452273e+3  1.98992850e+3
  7.62939453e-6  1.63600196e+6  4.56666913e-9  2.15452220e+3  1.98992799e+3
  7.96717668e-6  1.56656150e+6  4.97981986e-9  2.15452162e+3  1.98992744e+3
  8.31991373e-6  1.50006509e+6  5.43034059e-9  2.15452099e+3  1.98992684e+3
  8.68826778e-6  1.43638792e+6  5.92161037e-9  2.15452030e+3  1.98992619e+3
  9.07293026e-6  1.37541046e+6  6.45731361e-9  2.15451955e+3  1.98992548e+3
  9.47462320e-6  1.31701824e+6  7.04146770e-9  2.15451873e+3  1.98992470e+3
  9.89410061e-6  1.26110168e+6  7.67845303e-9  2.15451783e+3  1.98992385e+3
  1.03321499e-5  1.20755579e+6  8.37304580e-9  2.15451686e+3  1.98992293e+3
  1.07895932e-5  1.15628009e+6  9.13045374e-9  2.15451579e+3  1.98992192e+3
  1.12672893e-5  1.10717831e+6  9.95635504e-9  2.15451463e+3  1.98992083e+3
  1.17661348e-5  1.06015830e+6  1.08569409e-8  2.15451337e+3  1.98991963e+3
  1.22870661e-5  1.01513179e+6  1.18389616e-8  2.15451199e+3  1.98991832e+3
  1.28310610e-5  9.72014262e+5  1.29097773e-8  2.15451048e+3  1.98991690e+3
  1.33991406e-5  9.30724786e+5  1.40774128e-8  2.15450884e+3  1.98991534e+3
  1.39923713e-5  8.91185857e+5  1.53506174e-8  2.15450706e+3  1.98991365e+3
  1.46118665e-5  8.53323259e+5  1.67389307e-8  2.15450511e+3  1.98991180e+3
  1.52587891e-5  8.17065921e+5  1.82527534e-8  2.15450298e+3  1.98990979e+3
  1.59343534e-5  7.82345786e+5  1.99034252e-8  2.15450066e+3  1.98990759e+3
  1.66398275e-5  7.49097681e+5  2.17033091e-8  2.15449813e+3  1.98990519e+3
  1.73765356e-5  7.17259198e+5  2.36658844e-8  2.15449537e+3  1.98990258e+3
  1.81458605e-5  6.86770575e+5  2.58058463e-8  2.15449236e+3  1.98989973e+3
  1.89492464e-5  6.57574581e+5  2.81392163e-8  2.15448908e+3  1.98989662e+3
  1.97882012e-5  6.29616415e+5  3.06834611e-8  2.15448551e+3  1.98989323e+3
  2.06642997e-5  6.02843597e+5  3.34576232e-8  2.15448161e+3  1.98988954e+3
  2.15791864e-5  5.77205872e+5  3.64824625e-8  2.15447735e+3  1.98988551e+3
  2.25345786e-5  5.52655118e+5  3.97806108e-8  2.15447271e+3  1.98988112e+3
  2.35322697e-5  5.29145251e+5  4.33767408e-8  2.15446766e+3  1.98987632e+3
  2.45741323e-5  5.06632141e+5  4.72977492e-8  2.15446214e+3  1.98987110e+3
  2.56621220e-5  4.85073530e+5  5.15729569e-8  2.15445612e+3  1.98986540e+3
  2.67982813e-5  4.64428951e+5  5.62343271e-8  2.15444956e+3  1.98985919e+3
  2.79847425e-5  4.44659653e+5  6.13167031e-8  2.15444241e+3  1.98985241e+3
  2.92237329e-5  4.25728527e+5  6.68580666e-8  2.15443461e+3  1.98984502e+3
  3.05175781e-5  4.07600039e+5  7.28998199e-8  2.15442610e+3  1.98983696e+3
  3.18687067e-5  3.90240160e+5  7.94870936e-8  2.15441682e+3  1.98982817e+3
  3.32796549e-5  3.73616304e+5  8.66690807e-8  2.15440671e+3  1.98981859e+3
  3.47530711e-5  3.57697269e+5  9.44994016e-8  2.15439568e+3  1.98980814e+3
  3.62917210e-5  3.42453172e+5  1.03036501e-7  2.15438364e+3  1.98979674e+3
  3.78984928e-5  3.27855399e+5  1.12344082e-7  2.15437059e+3  1.98978431e+3
  3.95764024e-5  3.13876550e+5  1.22491576e-7  2.15435629e+3  1.98977076e+3
  4.13285995e-5  3.00490386e+5  1.33554654e-7  2.15434069e+3  1.98975598e+3
  4.31583729e-5  2.87671779e+5  1.45615792e-7  2.15432362e+3  1.98973987e+3
  4.50691573e-5  2.75396668e+5  1.58764875e-7  2.15430507e+3  1.98972229e+3
  4.70645393e-5  2.63642012e+5  1.73099860e-7  2.15428484e+3  1.98970313e+3
  4.91482645e-5  2.52385747e+5  1.88727500e-7  2.15426278e+3  1.98968223e+3
  5.13242441e-5  2.41606745e+5  2.05764132e-7  2.15423872e+3  1.98965944e+3
  5.35965625e-5  2.31284771e+5  2.24336528e-7  2.15421248e+3  1.98963459e+3
  5.59694851e-5  2.21400452e+5  2.44582833e-7  2.15418388e+3  1.98960749e+3
  5.84474659e-5  2.11935234e+5  2.66653574e-7  2.15415268e+3  1.98957794e+3
  6.10351563e-5  2.02871349e+5  2.90712772e-7  2.15411866e+3  1.98954572e+3
  6.37374135e-5  1.94191785e+5  3.16939135e-7  2.15408156e+3  1.98951058e+3
  6.65593099e-5  1.85880249e+5  3.45527376e-7  2.15404111e+3  1.98947226e+3
  6.95061423e-5  1.77921140e+5  3.76689632e-7  2.15399700e+3  1.98943047e+3
  7.25834421e-5  1.70299519e+5  4.10657013e-7  2.15394890e+3  1.98938491e+3
  7.57969856e-5  1.63001078e+5  4.47681292e-7  2.15389645e+3  1.98933522e+3
  7.91528048e-5  1.56012118e+5  4.88036739e-7  2.15383925e+3  1.98928104e+3
  8.26571989e-5  1.49319520e+5  5.32022115e-7  2.15377688e+3  1.98922196e+3
  8.63167458e-5  1.42910723e+5  5.79962845e-7  2.15370887e+3  1.98915754e+3
  9.01383146e-5  1.36773696e+5  6.32213378e-7  2.15363471e+3  1.98908729e+3
  9.41290787e-5  1.30896919e+5  6.89159756e-7  2.15355384e+3  1.98901068e+3
  9.82965290e-5  1.25269362e+5  7.51222409e-7  2.15346566e+3  1.98892716e+3
  1.02648488e-4  1.19880460e+5  8.18859187e-7  2.15336951e+3  1.98883608e+3
  1.07193125e-4  1.14720100e+5  8.92568661e-7  2.15326467e+3  1.98873677e+3
  1.11938970e-4  1.09778593e+5  9.72893713e-7  2.15315035e+3  1.98862848e+3
  1.16894932e-4  1.05046665e+5  1.06042544e-6  2.15302565e+3  1.98851041e+3
  1.22070313e-4  1.00515434e+5  1.15580736e-6  2.15287588e+3  1.98838167e+3
  1.27474827e-4  9.61763936e+4  1.25974008e-6  2.15272765e+3  1.98824129e+3
  1.33118620e-4  9.20213993e+4  1.37298621e-6  2.15258002e+3  1.98808824e+3
  1.39012285e-4  8.80426517e+4  1.49637587e-6  2.15240385e+3  1.98792136e+3
  1.45166884e-4  8.42326826e+4  1.63081253e-6  2.15221177e+3  1.98773941e+3
  1.51593971e-4  8.05843400e+4  1.77727945e-6  2.15200234e+3  1.98754104e+3
  1.58305610e-4  7.70907757e+4  1.93684661e-6  2.15177393e+3  1.98732476e+3
  1.65314398e-4  7.37454319e+4  2.11067824e-6  2.15152359e+3  1.98708897e+3
  1.72633492e-4  7.05420290e+4  2.30004101e-6  2.15125361e+3  1.98683190e+3
  1.80276629e-4  6.74745538e+4  2.50631294e-6  2.15095774e+3  1.98655165e+3
  1.88258157e-4  6.45372481e+4  2.73099293e-6  2.15063528e+3  1.98624613e+3
  1.96593058e-4  6.17245983e+4  2.97571131e-6  2.15028367e+3  1.98591308e+3
  2.05296976e-4  5.90313246e+4  3.24224104e-6  2.14990035e+3  1.98555002e+3
  2.14386250e-4  5.64523712e+4  3.53251004e-6  2.14948254e+3  1.98515426e+3
  2.23877940e-4  5.39828969e+4  3.84861442e-6  2.14902711e+3  1.98472289e+3
  2.33789863e-4  5.16182661e+4  4.19283288e-6  2.14853070e+3  1.98425270e+3
  2.44140625e-4  4.93540398e+4  4.56764225e-6  2.14798965e+3  1.98374023e+3
  2.54949654e-4  4.71859676e+4  4.97573435e-6  2.14740000e+3  1.98318171e+3
  2.66237239e-4  4.51099792e+4  5.42003420e-6  2.14675732e+3  1.98257302e+3
  2.78024569e-4  4.31221777e+4  5.90371972e-6  2.14605699e+3  1.98190971e+3
  2.90333768e-4  4.12188311e+4  6.43024304e-6  2.14529384e+3  1.98118691e+3
  3.03187942e-4  3.93963662e+4  7.00335353e-6  2.14446231e+3  1.98039934e+3
  3.16611219e-4  3.76513615e+4  7.62712263e-6  2.14355631e+3  1.97954127e+3
  3.30628796e-4  3.59805409e+4  8.30597074e-6  2.14256928e+3  1.97860646e+3
  3.45266983e-4  3.43807674e+4  9.04469614e-6  2.14149404e+3  1.97758813e+3
  3.60553258e-4  3.28490373e+4  9.84850631e-6  2.14032283e+3  1.97647893e+3
  3.76516315e-4  3.13824746e+4  1.07230515e-5  2.13904722e+3  1.97527088e+3
  3.93186116e-4  2.99783257e+4  1.16744613e-5  2.13765805e+3  1.97395532e+3
  4.10593953e-4  2.86339537e+4  1.27093834e-5  2.13614541e+3  1.97252285e+3
  4.28772500e-4  2.73468341e+4  1.38350257e-5  2.13449852e+3  1.97096331e+3
  4.47755880e-4  2.61145498e+4  1.50592021e-5  2.13270575e+3  1.96926566e+3
  4.67579727e-4  2.49347863e+4  1.63903804e-5  2.13075447e+3  1.96741798e+3
  4.88281250e-4  2.38053278e+4  1.78377351e-5  2.12863104e+3  1.96540735e+3
  5.09899308e-4  2.27240527e+4  1.94112032e-5  2.12632069e+3  1.96321982e+3
  5.32474479e-4  2.16889298e+4  2.11215448e-5  2.12380749e+3  1.96084032e+3
  5.56049138e-4  2.06980143e+4  2.29804071e-5  2.12107424e+3  1.95825257e+3
  5.80667537e-4  1.97494442e+4  2.50003937e-5  2.11810235e+3  1.95543904e+3
  6.06375885e-4  1.88414370e+4  2.71951385e-5  2.11487185e+3  1.95238084e+3
  6.33222439e-4  1.79722859e+4  2.95793850e-5  2.11136122e+3  1.94905765e+3
  6.61257591e-4  1.71403572e+4  3.21690700e-5  2.10754734e+3  1.94544763e+3
  6.90533966e-4  1.63440866e+4  3.49814141e-5  2.10340542e+3  1.94152736e+3
  7.21106517e-4  1.55819765e+4  3.80350177e-5  2.09890886e+3  1.93727173e+3
  7.53032630e-4  1.48525935e+4  4.13499625e-5  2.09402919e+3  1.93265391e+3
  7.86372232e-4  1.41545649e+4  4.49479208e-5  2.08873604e+3  1.92764523e+3
  8.21187906e-4  1.34865771e+4  4.88522701e-5  2.08299702e+3  1.92221515e+3
  8.57545000e-4  1.28473723e+4  5.30882156e-5  2.07677766e+3  1.91633121e+3
  8.95511761e-4  1.22357463e+4  5.76829193e-5  2.07004142e+3  1.90995897e+3
  9.35159454e-4  1.16505468e+4  6.26656371e-5  2.06274959e+3  1.90306201e+3
  9.76562500e-4  1.10906702e+4  6.80678627e-5  2.05486123e+3  1.89560190e+3
  1.01979862e-3  1.05550604e+4  7.39234799e-5  2.04633366e+3  1.88753827e+3
  1.06494896e-3  1.00427065e+4  8.02689222e-5  2.03712155e+3  1.87882879e+3
  1.11209828e-3  9.55264044e+3  8.71433409e-5  2.02717796e+3  1.86942933e+3
  1.16133507e-3  9.08393591e+3  9.45887802e-5  2.01645397e+3  1.85929403e+3
  1.21275177e-3  8.63570601e+3  1.02650361e-4  2.00489895e+3  1.84837550e+3
  1.26644488e-3  8.20710179e+3  1.11376473e-4  1.99246082e+3  1.83662503e+3
  1.32251518e-3  7.79731056e+3  1.20818972e-4  1.97908625e+3  1.82399286e+3
  1.38106793e-3  7.40555436e+3  1.31033386e-4  1.96472111e+3  1.81042853e+3
  1.44221303e-3  7.03108843e+3  1.42079129e-4  1.94931702e+3  1.79588129e+3
  1.50606526e-3  6.67319978e+3  1.54019720e-4  1.93280092e+3  1.78030055e+3
  1.57274446e-3  6.33120583e+3  1.66923007e-4  1.91513743e+3  1.76363647e+3
  1.64237581e-3  6.00445305e+3  1.80861397e-4  1.89626776e+3  1.74584057e+3
  1.71509000e-3  5.69231572e+3  1.95912087e-4  1.87614131e+3  1.72686642e+3
  1.79102352e-3  5.39419469e+3  2.12157304e-4  1.85471032e+3  1.70667044e+3
  1.87031891e-3  5.10951624e+3  2.29684541e-4  1.83193069e+3  1.68521272e+3
  1.95312500e-3  4.83773089e+3  2.48586790e-4  1.80776300e+3  1.66245795e+3
  2.03959723e-3  4.57831238e+3  2.68962782e-4  1.78217345e+3  1.63837630e+3
  2.12989792e-3  4.33075660e+3  2.90917217e-4  1.75513490e+3  1.61294448e+3
  2.22419655e-3  4.09458060e+3  3.14560985e-4  1.72662792e+3  1.58614661e+3
  2.32267015e-3  3.86932164e+3  3.40011386e-4  1.69664179e+3  1.55797528e+3
  2.42550354e-3  3.65453624e+3  3.67392331e-4  1.66517550e+3  1.52843238e+3
  2.53288976e-3  3.44979932e+3  3.96834534e-4  1.63223865e+3  1.49753001e+3
  2.64503037e-3  3.25470335e+3  4.28475681e-4  1.59785180e+3  1.46529114e+3
  2.76213586e-3  3.06885752e+3  4.62460580e-4  1.56204943e+3  1.43175024e+3
  2.88442607e-3  2.89188693e+3  4.98941285e-4  1.52487584e+3  1.39695369e+3
  3.01213052e-3  2.72343192e+3  5.38077192e-4  1.48639000e+3  1.36096002e+3
  3.14548893e-3  2.56314725e+3  5.80035095e-4  1.44666349e+3  1.32383988e+3
  3.28475162e-3  2.41070146e+3  6.24989211e-4  1.40578032e+3  1.28567582e+3
  3.43018000e-3  2.26577620e+3  6.73121154e-4  1.36383724e+3  1.24656180e+3
  3.58204704e-3  2.12806557e+3  7.24619865e-4  1.32094235e+3  1.20660246e+3
  3.74063782e-3  1.99727556e+3  7.79681488e-4  1.27721445e+3  1.16591213e+3
  3.90625000e-3  1.87312340e+3  8.38509185e-4  1.23278182e+3  1.12461366e+3
  4.07919446e-3  1.75533707e+3  9.01312883e-4  1.18778045e+3  1.08283699e+3
  4.25979583e-3  1.64365470e+3  9.68308967e-4  1.14235442e+3  1.04071760e+3
  4.44839310e-3  1.53782415e+3  1.03971988e-3  1.09665004e+3  9.98394848e+2
  4.64534029e-3  1.43760245e+3  1.11577364e-3  1.05081861e+3  9.56010186e+2
  4.85100708e-3  1.34275540e+3  1.19670333e-3  1.00501118e+3  9.13705389e+2
  5.06577951e-3  1.25305712e+3  1.28274640e-3  9.59379045e+2  8.71620782e+2
  5.29006073e-3  1.16828963e+3  1.37414398e-3  9.14070416e+2  8.29893536e+2
  5.52427173e-3  1.08824251e+3  1.47114004e-3  8.69229271e+2  7.88656067e+2
  5.76885213e-3  1.01271249e+3  1.57398046e-3  8.24993731e+2  7.48034581e+2
  6.02426104e-3  9.41503186e+2  1.68291205e-3  7.81494619e+2  7.08147781e+2
  6.29097786e-3  8.74424708e+2  1.79818141e-3  7.38854219e+2  6.69105769e+2
  6.56950324e-3  8.11293432e+2  1.92003375e-3  6.97185238e+2  6.31009153e+2
  6.86036000e-3  7.51931714e+2  2.04871158e-3  6.56590031e+2  5.93948361e+2
  7.16409409e-3  6.96167647e+2  2.18445337e-3  6.17159902e+2  5.58003163e+2
  7.48127563e-3  6.43834843e+2  2.32749204e-3  5.78974814e+2  5.23242401e+2
  7.81250000e-3  5.94772226e+2  2.47805347e-3  5.42103111e+2  4.89723896e+2
  8.15838893e-3  5.48823856e+2  2.63635489e-3  5.06601530e+2  4.57494544e+2
  8.51959166e-3  5.05838763e+2  2.80260325e-3  4.72515335e+2  4.26590550e+2
  8.89678621e-3  4.65670800e+2  2.97699351e-3  4.39878625e+2  3.97037806e+2
  9.29068059e-3  4.28178521e+2  3.15970692e-3  4.08714774e+2  3.68852375e+2
  9.70201416e-3  3.93225062e+2  3.35090931e-3  3.79036882e+2  3.42041069e+2
  1.01315590e-2  3.60678046e+2  3.55074938e-3  3.50848521e+2  3.16602091e+2
  1.05801215e-2  3.30409499e+2  3.75935694e-3  3.24144264e+2  2.92525734e+2
  1.10485435e-2  3.02295772e+2  3.97684131e-3  2.98910525e+2  2.69795108e+2
  1.15377043e-2  2.76217483e+2  4.20328968e-3  2.75126286e+2  2.48386886e+2
  1.20485221e-2  2.52059458e+2  4.43876558e-3  2.52763809e+2  2.28272047e+2
  1.25819557e-2  2.29710684e+2  4.68330751e-3  2.31789493e+2  2.09416620e+2
  1.31390065e-2  2.09064270e+2  4.93692755e-3  2.12164618e+2  1.91782403e+2
  1.37207200e-2  1.90017402e+2  5.19961028e-3  1.93846063e+2  1.75327650e+2
  1.43281882e-2  1.72471314e+2  5.47131170e-3  1.76787099e+2  1.60007739e+2
  1.49625513e-2  1.56331248e+2  5.75195843e-3  1.60938005e+2  1.45775784e+2
  1.56250000e-2  1.41506422e+2  6.04144706e-3  1.46246782e+2  1.32583223e+2
  1.63167779e-2  1.27909990e+2  6.33964371e-3  1.32659749e+2  1.20380347e+2
  1.70391833e-2  1.15459006e+2  6.64638377e-3  1.20122100e+2  1.09116789e+2
  1.77935724e-2  1.04074374e+2  6.96147196e-3  1.08578457e+2  9.87419747e+1
  1.85813612e-2  9.36808092e+1  7.28468248e-3  9.79733225e+1  8.92055135e+1
  1.94040283e-2  8.42067738e+1  7.61575953e-3  8.82515119e+1  8.04575551e+1
  2.02631180e-2  7.55844241e+1  7.95441799e-3  7.93585619e+1  7.24490983e+1
  2.11602429e-2  6.77495412e+1  8.30034431e-3  7.12410194e+1  6.51322589e+1
  2.20970869e-2  6.06414587e+1  8.65319774e-3  6.38468165e+1  5.84604975e+1
  2.30754085e-2  5.42029822e+1  9.01261160e-3  5.71253449e+1  5.23888097e+1
  2.40970441e-2  4.83803030e+1  9.37819494e-3  5.10279370e+1  4.68738808e+1
  2.51639114e-2  4.31229047e+1  9.74953427e-3  4.55077623e+1  4.18742081e+1
  2.62780130e-2  3.83834637e+1  1.01261955e-2  4.05201202e+1  3.73501927e+1
  2.74414400e-2  3.41177443e+1  1.05077260e-2  3.60224516e+1  3.32642038e+1
  2.86563764e-2  3.02844881e+1  1.08936568e-2  3.19744539e+1  2.95806182e+1
  2.99251025e-2  2.68452994e+1  1.12835051e-2  2.83380935e+1  2.62658366e+1
  3.12500000e-2  2.37645265e+1  1.16767766e-2  2.50776251e+1  2.32882816e+1
  3.26335557e-2  2.10091397e+1  1.20729678e-2  2.21595668e+1  2.06183762e+1
  3.40783666e-2  1.85486082e+1  1.24715686e-2  1.95526879e+1  1.82285093e+1
  3.55871448e-2  1.63547740e+1  1.28720650e-2  1.72279382e+1  1.60929864e+1
  3.71627223e-2  1.44017267e+1  1.32739416e-2  1.51584029e+1  1.41879712e+1
  3.88080566e-2  1.26656772e+1  1.36766837e-2  1.33192152e+1  1.24914173e+1
  4.05262361e-2  1.11248336e+1  1.40797801e-2  1.16874792e+1  1.09829933e+1
  4.23204858e-2  9.75927733e+0  1.44827254e-2  1.02421746e+1  9.64400292e+0
  4.41941738e-2  8.55084304e+0  1.48850220e-2  8.96406052e+0  8.45730081e+0
  4.61508171e-2  7.48300031e+0  1.52861822e-2  7.83557601e+0  7.40720638e+0
  4.81940883e-2  6.54073937e+0  1.56857306e-2  6.84073923e+0  6.47941632e+0
  5.03278229e-2  5.71046050e+0  1.60832054e-2  5.96504110e+0  5.66091700e+0
  5.25560260e-2  4.97986781e+0  1.64781606e-2  5.19534655e+0  4.93989776e+0
  5.48828800e-2  4.33786753e+0  1.68701668e-2  4.51979414e+0  4.30566580e+0
  5.73127527e-2  3.77447122e+0  1.72588133e-2  3.92769909e+0  3.74856334e+0
  5.98502050e-2  3.28070398e+0  1.76437088e-2  3.40945833e+0  3.25988762e+0
  6.25000000e-2  2.84851777e+0  1.80244826e-2  2.95646390e+0  2.83181417e+0
  6.52671114e-2  2.47070988e+0  1.84007850e-2  2.56101286e+0  2.45732361e+0
  6.81567333e-2  2.14084666e+0  1.87722887e-2  2.21623080e+0  2.13013231e+0
  7.11742897e-2  1.85319231e+0  1.91386885e-2  1.91599406e+0  1.84462703e+0
  7.43254447e-2  1.60264265e+0  1.94997022e-2  1.65485909e+0  1.59580355e+0
  7.76161133e-2  1.38466390e+0  1.98550702e-2  1.42799671e+0  1.37920947e+0
  8.10524722e-2  1.19523610e+0  2.02045562e-2  1.23113072e+0  1.19089092e+0
  8.46409717e-2  1.03080108e+0  2.05479463e-2  1.06048159e+0  1.02734340e+0
  8.83883476e-2  8.88214776e-1  2.08850494e-2  9.12715067e-1  8.85466294e-1
  9.23016341e-2  7.64703677e-1  2.12156966e-2  7.84894566e-1  7.62521223e-1
  9.63881766e-2  6.57825096e-1  2.15397406e-2  6.74438186e-1  6.56093872e-1
  1.00655646e-1  5.65431125e-1  2.18570553e-2  5.79079495e-1  5.64059200e-1
  1.05112052e-1  4.85635964e-1  2.21675350e-2  4.96832199e-1  4.84549820e-1
  1.09765760e-1  4.16786422e-1  2.24710940e-2  4.25958107e-1  4.15927335e-1
  1.14625505e-1  3.57435342e-1  2.27676655e-2  3.64938356e-1  3.56756465e-1
  1.19700410e-1  3.06317715e-1  2.30572009e-2  3.12447633e-1  3.05781720e-1
  1.25000000e-1  2.62329285e-1  2.33396688e-2  2.67331095e-1  2.61906462e-1
  1.30534223e-1  2.24507407e-1  2.36150546e-2  2.28583822e-1  2.24174138e-1
  1.36313467e-1  1.92013980e-1  2.38833588e-2  1.95332381e-1  1.91751509e-1
  1.42348579e-1  1.64120254e-1  2.41445968e-2  1.66818608e-1  1.63913702e-1
  1.48650889e-1  1.40193338e-1  2.43987974e-2  1.42385182e-1  1.40030915e-1
  1.55232227e-1  1.19684241e-1  2.46460022e-2  1.21462858e-1  1.19556613e-1
  1.62104944e-1  1.02117300e-1  2.48862647e-2  1.03559201e-1  1.02017082e-1
  1.69281943e-1  8.70808382e-2  2.51196491e-2  8.82486949e-2  8.70021991e-2
  1.76776695e-1  7.42189484e-2  2.53462296e-2  7.51640126e-2  7.41572822e-2
  1.84603268e-1  6.32242535e-2  2.55660896e-2  6.39883884e-2  6.31759277e-2
  1.92776353e-1  5.38315583e-2  2.57793205e-2  5.44489931e-2  5.37937105e-2
  2.01311291e-1  4.58122838e-2  2.59860215e-2  4.63106659e-2  4.57826598e-2
  2.10224104e-1  3.89695968e-2  2.61862980e-2  3.93716568e-2  3.89464230e-2
  2.19531520e-1  3.31341550e-2  2.63802615e-2  3.34582849e-2  3.31160371e-2
  2.29251011e-1  2.81603956e-2  2.65680286e-2  2.84215321e-2  2.81462381e-2
  2.39400820e-1  2.39233022e-2  2.67497204e-2  2.41335598e-2  2.39122451e-2
  2.50000000e-1  2.03155926e-2  2.69254616e-2  2.04847857e-2  2.03069612e-2
  2.61068446e-1  1.72452755e-2  2.70953803e-2  1.73813518e-2  1.72385410e-2
  2.72626933e-1  1.46335316e-2  2.72596072e-2  1.47429171e-2  1.46282795e-2
  2.84697159e-1  1.24128769e-2  2.74182748e-2  1.25007650e-2  1.24087828e-2
  2.97301779e-1  1.05255735e-2  2.75715175e-2  1.05961570e-2  1.05223833e-2
  3.10464453e-1  8.92225561e-3  2.77194706e-2  8.97891809e-3  8.91977089e-3
  3.24209889e-1  7.56074359e-3  2.78622700e-2  7.60621353e-3  7.55880909e-3
  3.38563887e-1  6.40502049e-3  2.80000520e-2  6.44149489e-3  6.40351494e-3
  3.53553391e-1  5.42435046e-3  2.81329527e-2  5.45359918e-3  5.42317918e-3
  3.69206536e-1  4.59251981e-3  2.82611077e-2  4.61596680e-3  4.59160891e-3
  3.85552706e-1  3.88718426e-3  2.83846519e-2  3.90597513e-3  3.88647610e-3
  4.02622583e-1  3.28930818e-3  2.85037191e-2  3.30436334e-3  3.28875781e-3
  4.20448208e-1  2.78268309e-3  2.86184419e-2  2.79474248e-3  2.78225550e-3
  4.39063040e-1  2.35351478e-3  2.87289512e-2  2.36317222e-3  2.35318267e-3
  4.58502022e-1  1.99006934e-3  2.88353764e-2  1.99780185e-3  1.98981147e-3
  4.78801640e-1  1.68237012e-3  2.89378447e-2  1.68856019e-3  1.68216995e-3
  5.00000000e-1  1.42193833e-3  2.90364815e-2  1.42689284e-3  1.42178299e-3
  5.22136891e-1  1.20157126e-3  2.91314099e-2  1.20553627e-3  1.20145074e-3
  5.45253866e-1  1.01515280e-3  2.92227507e-2  1.01832552e-3  1.01505932e-3
  5.69394317e-1  8.57491521e-4  2.93106221e-2  8.60029985e-4  8.57419031e-4
  5.94603558e-1  7.24182595e-4  2.93951402e-2  7.26213411e-4  7.24126396e-4
  6.20928906e-1  6.11489975e-4  2.94764180e-2  6.13114510e-4  6.11446414e-4
  6.48419777e-1  5.16245963e-4  2.95545663e-2  5.17545441e-4  5.16212207e-4
  6.77127773e-1  4.35765669e-4  2.96296931e-2  4.36805076e-4  4.35739515e-4
  7.07106781e-1  3.67774157e-4  2.97019035e-2  3.68605499e-4  3.67753897e-4
  7.38413073e-1  3.10344453e-4  2.97713001e-2  3.11009369e-4  3.10328762e-4
  7.71105413e-1  2.61844814e-4  2.98379828e-2  2.62376607e-4  2.61832663e-4
  8.05245166e-1  2.20893889e-4  2.99020486e-2  2.21319190e-4  2.20884483e-4
  8.40896415e-1  1.86322626e-4  2.99635918e-2  1.86662791e-4  1.86315344e-4
  8.78126080e-1  1.57141899e-4  3.00227040e-2  1.57413966e-4  1.57136263e-4
  9.17004043e-1  1.32515033e-4  3.00794741e-2  1.32732641e-4  1.32510672e-4
  9.57603281e-1  1.11734482e-4  3.01339885e-2  1.11908540e-4  1.11731108e-4
  1.00000000e+0  9.42020340e-5  3.01863306e-2  9.43412593e-5  9.41994236e-5
  1.04427378e+0  7.94120358e-5  3.02365816e-2  7.95234044e-5  7.94100166e-5
  1.09050773e+0  6.69371605e-5  3.02848198e-2  6.70262531e-5  6.69355988e-5
  1.13878863e+0  5.64163507e-5  3.03311211e-2  5.64876253e-5  5.64151430e-5
  1.18920712e+0  4.75446019e-5  3.03755590e-2  4.76016263e-5  4.75436681e-5
  1.24185781e+0  4.00643093e-5  3.04182044e-2  4.01099367e-5  4.00635873e-5
  1.29683955e+0  3.37579416e-5  3.04591261e-2  3.37944528e-5  3.37573835e-5
  1.35425555e+0  2.84418392e-5  3.04983903e-2  2.84710572e-5  2.84414078e-5
  1.41421356e+0  2.39609660e-5  3.05360610e-2  2.39843503e-5  2.39606326e-5
  1.47682615e+0  2.01844696e-5  3.05722000e-2  2.02031865e-5  2.01842119e-5
  1.54221083e+0  1.70019259e-5  3.06068670e-2  1.70169077e-5  1.70017268e-5
  1.61049033e+0  1.43201639e-5  3.06401196e-2  1.43321579e-5  1.43200101e-5
  1.68179283e+0  1.20605810e-5  3.06720132e-2  1.20701839e-5  1.20604621e-5
  1.75625216e+0  1.01568740e-5  3.07026013e-2  1.01645630e-5  1.01567822e-5
  1.83400809e+0  8.55312221e-6  3.07319355e-2  8.55927970e-6  8.55305127e-6
  1.91520656e+0  7.20216706e-6  3.07600654e-2  7.20709811e-6  7.20211227e-6
  2.00000000e+0  6.06424434e-6  3.07870389e-2  6.06819399e-6  6.06420202e-6
  2.08854756e+0  5.10582844e-6  3.08129021e-2  5.10899229e-6  5.10579576e-6
  2.18101547e+0  4.29865675e-6  3.08376994e-2  4.30119122e-6  4.29863151e-6
  2.27757727e+0  3.61890596e-6  3.08614734e-2  3.62093668e-6  3.61888647e-6
  2.37841423e+0  3.04649679e-6  3.08842652e-2  3.04812404e-6  3.04648173e-6
  2.48371562e+0  2.56450723e-6  3.09061144e-2  2.56581124e-6  2.56449561e-6
  2.59367911e+0  2.15867743e-6  3.09270590e-2  2.15972252e-6  2.15866846e-6
  2.70851109e+0  1.81699196e-6  3.09471356e-2  1.81782972e-6  1.81698503e-6
  2.82842712e+0  1.52932738e-6  3.09663793e-2  1.52999897e-6  1.52932203e-6
  2.95365229e+0  1.28715507e-6  3.09848240e-2  1.28769357e-6  1.28715094e-6
  3.08442165e+0  1.08329052e-6  3.10025022e-2  1.08372234e-6  1.08328733e-6
  3.22098066e+0  9.11681953e-7  3.10194450e-2  9.12028115e-7  9.11679493e-7
  3.36358566e+0  7.67232119e-7  3.10356826e-2  7.67509708e-7  7.67230220e-7
  3.51250432e+0  6.45648020e-7  3.10512437e-2  6.45870649e-7  6.45646554e-7
  3.66801617e+0  5.43314259e-7  3.10661560e-2  5.43492809e-7  5.43313128e-7
  3.83041312e+0  4.57186284e-7  3.10804461e-2  4.57329508e-7  4.57185411e-7
  4.00000000e+0  3.84700406e-7  3.10941397e-2  3.84814559e-7  3.84699733e-7
  4.17709513e+0  3.23091223e-7  3.11072530e-2  3.23182502e-7  3.23090692e-7
  4.36203093e+0  2.70294868e-7  3.11197708e-2  2.70368353e-7  2.70294452e-7
  4.55515454e+0  2.25209004e-7  3.11316727e-2  2.25268185e-7  2.25208678e-7
  4.75682846e+0  1.86849043e-7  3.11429421e-2  1.86896706e-7  1.86848789e-7
  4.96743125e+0  1.54337548e-7  3.11535664e-2  1.54375931e-7  1.54337351e-7
  5.18735822e+0  1.26894472e-7  3.11635374e-2  1.26925375e-7  1.26894320e-7
  5.41702219e+0  1.03828177e-7  3.11728511e-2  1.03853036e-7  1.03828060e-7
  5.65685425e+0  8.45271558e-8  3.11815081e-2  8.45471736e-8  8.45270665e-8
  5.90730458e+0  6.84524131e-8  3.11895132e-2  6.84685155e-8  6.84523450e-8
  6.16884330e+0  5.51304358e-8  3.11968759e-2  5.51433852e-8  5.51303843e-8
  6.44196133e+0  4.41467197e-8  3.12036096e-2  4.41571286e-8  4.41466808e-8
  6.72717132e+0  3.51398019e-8  3.12097323e-2  3.51481659e-8  3.51397728e-8
  7.02500864e+0  2.77957664e-8  3.12152652e-2  2.78024846e-8  2.77957447e-8
  7.33603235e+0  2.18431858e-8  3.12202332e-2  2.18485800e-8  2.18431697e-8
  7.66082625e+0  1.70484720e-8  3.12246645e-2  1.70528016e-8  1.70484601e-8
  8.00000000e+0  1.32116085e-8  3.12285894e-2  1.32150824e-8  1.32115999e-8
  8.35419026e+0  1.01622407e-8  3.12320406e-2  1.01650279e-8  1.01622344e-8
  8.72406186e+0  7.75610190e-9  3.12350523e-2  7.75833636e-9  7.75609736e-9
  9.11030908e+0  5.87175807e-9  3.12376597e-2  5.87354942e-9  5.87175483e-9
  9.51365692e+0  4.40765059e-9  3.12398983e-2  4.40908651e-9  4.40764829e-9
  9.93486250e+0  3.27942230e-9  3.12418038e-2  3.28057315e-9  3.27942068e-9
  1.03747164e+1  2.41751017e-9  3.12434111e-2  2.41843205e-9  2.41750904e-9
  1.08340444e+1  1.76498943e-9  3.12447541e-2  1.76572860e-9  1.76498865e-9
  1.13137085e+1  1.27565406e-9  3.12458654e-2  1.27624647e-9  1.27565352e-9
  1.18146092e+1  9.12318910e-10  3.12467754e-2  9.12793754e-10  9.12318549e-10
  1.23376866e+1  6.45328363e-10  3.12475126e-2  6.45709028e-10  6.45328121e-10
  1.28839227e+1  4.51256560e-10  3.12481032e-2  4.51561802e-10  4.51256400e-10
  1.34543426e+1  3.11784140e-10  3.12485709e-2  3.12028968e-10  3.11784035e-10
  1.40500173e+1  2.12736229e-10  3.12489366e-2  2.12932630e-10  2.12736161e-10
  1.46720647e+1  1.43266568e-10  3.12492191e-2  1.43424200e-10  1.43266525e-10
  1.53216525e+1  9.51727391e-11  3.12494343e-2  9.52992818e-11  9.51727117e-11
  1.60000000e+1  6.23277992e-11  3.12495960e-2  6.24294200e-11  6.23277822e-11
  1.67083805e+1  4.02140765e-11  3.12497157e-2  4.02957108e-11  4.02140661e-11
  1.74481237e+1  2.55455295e-11  3.12498031e-2  2.56111281e-11  2.55455233e-11
  1.82206182e+1  1.59658834e-11  3.12498658e-2  1.60186114e-11  1.59658797e-11
  1.90273138e+1  9.81069364e-12  3.12499101e-2  9.85308794e-12  9.81069146e-12
  1.98697250e+1  5.92255137e-12  3.12499408e-2  5.95664528e-12  5.92255011e-12
  2.07494329e+1  3.50977693e-12  3.12499617e-2  3.53720182e-12  3.50977623e-12
  2.16680888e+1  2.04012069e-12  3.12499757e-2  2.06218515e-12  2.04012030e-12
  2.26274170e+1  1.16216080e-12  3.12499849e-2  1.17991546e-12  1.16216059e-12
  2.36292183e+1  6.48220106e-13  3.12499908e-2  6.62508632e-13  6.48219994e-13
  2.46753732e+1  3.53687246e-13  3.12499945e-2  3.65187600e-13  3.53687188e-13
  2.57678453e+1  1.88596531e-13  3.12499968e-2  1.97853604e-13  1.88596501e-13
  2.69086853e+1  9.81800910e-14  3.12499982e-2  1.05631988e-13  9.81800764e-14
  2.81000346e+1  4.98456262e-14  3.12499990e-2  5.58447027e-14  4.98456191e-14
  2.93441294e+1  2.46525931e-14  3.12499995e-2  2.94823027e-14  2.46525898e-14
  3.06433050e+1  1.18638809e-14  3.12499997e-2  1.57522961e-14  1.18638793e-14
  3.20000000e+1  5.54873488e-15  3.12499999e-2  8.67939365e-15  5.54873420e-15
  3.34167610e+1  2.51892559e-15  3.12499999e-2  5.03954919e-15  2.51892530e-15
  3.48962474e+1  1.10845408e-15  3.12500000e-2  3.13794687e-15  1.10845396e-15
  3.64412363e+1  4.72174519e-16  3.12500000e-2  2.10625268e-15  4.72174468e-16
  3.80546277e+1  1.94421736e-16  3.12500000e-2  1.51014044e-15  1.94421716e-16
  3.97394500e+1  7.72666012e-17  3.12500000e-2  1.13665997e-15  7.72665937e-17
  4.14988657e+1  2.95911550e-17  3.12500000e-2  8.82602671e-16  2.95911523e-17
  4.33361775e+1  1.09029333e-17  3.12500000e-2  6.97742831e-16  1.09029324e-17
  4.52548340e+1  3.85827190e-18  3.12500000e-2  5.56901078e-16  3.85827158e-18
  4.72584367e+1  1.30898337e-18  3.12500000e-2  4.46620878e-16  1.30898327e-18
  4.93507464e+1  4.24968445e-19  3.12500000e-2  3.58993283e-16  4.24968413e-19
  5.15356906e+1  1.31769238e-19  3.12500000e-2  2.88854768e-16  1.31769228e-19
  5.38173706e+1  3.89423579e-20  3.12500000e-2  2.32522647e-16  3.89423552e-20
  5.62000691e+1  1.09460706e-20  3.12500000e-2  1.87210653e-16  1.09460699e-20
  5.86882588e+1  2.91983357e-21  3.12500000e-2  1.50739679e-16  2.91983338e-21
  6.12866100e+1  7.37420465e-22  3.12500000e-2  1.21377185e-16  7.37420421e-22
  6.40000000e+1  1.75905059e-22  3.12500000e-2  9.77353278e-17  1.75905049e-22
