# listNFWModel[0.0884, 0.34654, 1, 0.00375, "halo_c039_a0884_e00375.txt", {2, -16, 6, 1/16}, 12]
#             r         rho(r)        mass(r)     rho_eps(r)     rho(r_eps)
  1.52587891e-5  5.79138292e+3  1.29292201e-10  2.17759980e+1  2.16935666e+1
  1.59343534e-5  5.54576253e+3  1.40992710e-10  2.17759804e+1  2.16935491e+1
  1.66398275e-5  5.31055565e+3  1.53752002e-10  2.17759612e+1  2.16935299e+1
  1.73765356e-5  5.08532077e+3  1.67665886e-10  2.17759402e+1  2.16935090e+1
  1.81458605e-5  4.86963511e+3  1.82838822e-10  2.17759174e+1  2.16934862e+1
  1.89492464e-5  4.66309382e+3  1.99384734e-10  2.17758925e+1  2.16934613e+1
  1.97882012e-5  4.46530920e+3  2.17427844e-10  2.17758654e+1  2.16934342e+1
  2.06642997e-5  4.27591000e+3  2.37103613e-10  2.17758357e+1  2.16934047e+1
  2.15791864e-5  4.09454071e+3  2.58559757e-10  2.17758035e+1  2.16933724e+1
  2.25345786e-5  3.92086089e+3  2.81957352e-10  2.17757682e+1  2.16933373e+1
  2.35322697e-5  3.75454452e+3  3.07472046e-10  2.17757297e+1  2.16932990e+1
  2.45741323e-5  3.59527943e+3  3.35295377e-10  2.17756878e+1  2.16932572e+1
  2.56621220e-5  3.44276666e+3  3.65636202e-10  2.17756421e+1  2.16932116e+1
  2.67982813e-5  3.29671993e+3  3.98722275e-10  2.17755923e+1  2.16931619e+1
  2.79847425e-5  3.15686510e+3  4.34801945e-10  2.17755380e+1  2.16931076e+1
  2.92237329e-5  3.02293967e+3  4.74146025e-10  2.17754788e+1  2.16930485e+1
  3.05175781e-5  2.89469224e+3  5.17049821e-10  2.17754142e+1  2.16929841e+1
  3.18687067e-5  2.77188208e+3  5.63835339e-10  2.17753438e+1  2.16929138e+1
  3.32796549e-5  2.65427867e+3  6.14853718e-10  2.17752670e+1  2.16928371e+1
  3.47530711e-5  2.54166127e+3  6.70487838e-10  2.17751833e+1  2.16927535e+1
  3.62917210e-5  2.43381848e+3  7.31155210e-10  2.17750919e+1  2.16926623e+1
  3.78984928e-5  2.33054787e+3  7.97311096e-10  2.17749924e+1  2.16925629e+1
  3.95764024e-5  2.23165561e+3  8.69451919e-10  2.17748837e+1  2.16924545e+1
  4.13285995e-5  2.13695605e+3  9.48118994e-10  2.17747653e+1  2.16923363e+1
  4.31583729e-5  2.04627145e+3  1.03390257e-9  2.17746362e+1  2.16922073e+1
  4.50691573e-5  1.95943159e+3  1.12744627e-9  2.17744953e+1  2.16920668e+1
  4.70645393e-5  1.87627346e+3  1.22945189e-9  2.17743418e+1  2.16919135e+1
  4.91482645e-5  1.79664096e+3  1.34068468e-9  2.17741694e+1  2.16917463e+1
  5.13242441e-5  1.72038463e+3  1.46197905e-9  2.17739803e+1  2.16915640e+1
  5.35965625e-5  1.64736133e+3  1.59424485e-9  2.17737812e+1  2.16913652e+1
  5.59694851e-5  1.57743397e+3  1.73847415e-9  2.17735640e+1  2.16911484e+1
  5.84474659e-5  1.51047132e+3  1.89574869e-9  2.17733272e+1  2.16909120e+1
  6.10351563e-5  1.44634767e+3  2.06724797e-9  2.17730690e+1  2.16906542e+1
  6.37374135e-5  1.38494266e+3  2.25425807e-9  2.17727988e+1  2.16903730e+1
  6.65593099e-5  1.32614103e+3  2.45818130e-9  2.17724917e+1  2.16900665e+1
  6.95061423e-5  1.26983240e+3  2.68054666e-9  2.17721568e+1  2.16897322e+1
  7.25834421e-5  1.21591108e+3  2.92302128e-9  2.17717917e+1  2.16893677e+1
  7.57969856e-5  1.16427586e+3  3.18742293e-9  2.17713935e+1  2.16889702e+1
  7.91528048e-5  1.11482981e+3  3.47573357e-9  2.17709589e+1  2.16885368e+1
  8.26571989e-5  1.06748013e+3  3.79011416e-9  2.17704854e+1  2.16880641e+1
  8.63167458e-5  1.02213792e+3  4.13292087e-9  2.17699690e+1  2.16875487e+1
  9.01383146e-5  9.78718086e+2  4.50672263e-9  2.17694060e+1  2.16869867e+1
  9.41290787e-5  9.37139121e+2  4.91432034e-9  2.17687921e+1  2.16863739e+1
  9.82965290e-5  8.97322980e+2  5.35876782e-9  2.17681227e+1  2.16857057e+1
  1.02648488e-4  8.59194924e+2  5.84339457e-9  2.17673928e+1  2.16849770e+1
  1.07193125e-4  8.22683386e+2  6.37183066e-9  2.17665969e+1  2.16841825e+1
  1.11938970e-4  7.87719831e+2  6.94803380e-9  2.17657290e+1  2.16833162e+1
  1.16894932e-4  7.54238629e+2  7.57631890e-9  2.17647827e+1  2.16823715e+1
  1.22070313e-4  7.22176935e+2  8.26139023e-9  2.17637509e+1  2.16813415e+1
  1.27474827e-4  6.91474567e+2  9.00837652e-9  2.17626262e+1  2.16802184e+1
  1.33118620e-4  6.62073894e+2  9.82286918e-9  2.17613995e+1  2.16789939e+1
  1.39012285e-4  6.33919730e+2  1.07109640e-8  2.17600619e+1  2.16776588e+1
  1.45166884e-4  6.06959227e+2  1.16793064e-8  2.17586037e+1  2.16762030e+1
  1.51593971e-4  5.81141779e+2  1.27351412e-8  2.17570137e+1  2.16746159e+1
  1.58305610e-4  5.56418925e+2  1.38863664e-8  2.17562846e+1  2.16728854e+1
  1.65314398e-4  5.32744259e+2  1.51415919e-8  2.17533902e+1  2.16709988e+1
  1.72633492e-4  5.10073341e+2  1.65102035e-8  2.17513415e+1  2.16689419e+1
  1.80276629e-4  4.88363617e+2  1.80024329e-8  2.17490834e+1  2.16666995e+1
  1.88258157e-4  4.67574336e+2  1.96294336e-8  2.17466345e+1  2.16642549e+1
  1.96593058e-4  4.47666476e+2  2.14033636e-8  2.17439648e+1  2.16615899e+1
  2.05296976e-4  4.28602669e+2  2.33374759e-8  2.17410545e+1  2.16586847e+1
  2.14386250e-4  4.10347129e+2  2.54462168e-8  2.17378821e+1  2.16555179e+1
  2.23877940e-4  3.92865591e+2  2.77453328e-8  2.17344245e+1  2.16520658e+1
  2.33789863e-4  3.76125241e+2  3.02519876e-8  2.17306550e+1  2.16483031e+1
  2.44140625e-4  3.60094655e+2  3.29848891e-8  2.17265460e+1  2.16442019e+1
  2.54949654e-4  3.44743744e+2  3.59644279e-8  2.17220676e+1  2.16397319e+1
  2.66237239e-4  3.30043692e+2  3.92128282e-8  2.17171874e+1  2.16348604e+1
  2.78024569e-4  3.15966907e+2  4.27543119e-8  2.17118694e+1  2.16295514e+1
  2.90333768e-4  3.02486966e+2  4.66152778e-8  2.17060735e+1  2.16237660e+1
  3.03187942e-4  2.89578566e+2  5.08244964e-8  2.16997587e+1  2.16174619e+1
  3.16611219e-4  2.77217477e+2  5.54133220e-8  2.16928777e+1  2.16105930e+1
  3.30628796e-4  2.65380496e+2  6.04159240e-8  2.16853809e+1  2.16031094e+1
  3.45266983e-4  2.54045405e+2  6.58695383e-8  2.16772138e+1  2.15949566e+1
  3.60553258e-4  2.43190928e+2  7.18147416e-8  2.16683172e+1  2.15860758e+1
  3.76516315e-4  2.32796688e+2  7.82957492e-8  2.16586270e+1  2.15764027e+1
  3.93186116e-4  2.22843177e+2  8.53607404e-8  2.16480735e+1  2.15658678e+1
  4.10593953e-4  2.13311710e+2  9.30622111e-8  2.16365811e+1  2.15543958e+1
  4.28772500e-4  2.04184396e+2  1.01457359e-7  2.16240680e+1  2.15419048e+1
  4.47755880e-4  1.95444103e+2  1.10608504e-7  2.16104452e+1  2.15283062e+1
  4.67579727e-4  1.87074424e+2  1.20583539e-7  2.15956168e+1  2.15135039e+1
  4.88281250e-4  1.79059649e+2  1.31456431e-7  2.15794785e+1  2.14973942e+1
  5.09899308e-4  1.71384734e+2  1.43307760e-7  2.15619168e+1  2.14798647e+1
  5.32474479e-4  1.64035273e+2  1.56225303e-7  2.15428130e+1  2.14607938e+1
  5.56049138e-4  1.56997469e+2  1.70304674e-7  2.15220327e+1  2.14400504e+1
  5.80667537e-4  1.50258113e+2  1.85650020e-7  2.14994351e+1  2.14174930e+1
  6.06375885e-4  1.43804553e+2  2.02374774e-7  2.14748669e+1  2.13929690e+1
  6.33222439e-4  1.37624677e+2  2.20602481e-7  2.14481645e+1  2.13663143e+1
  6.61257591e-4  1.31706885e+2  2.40467686e-7  2.14191510e+1  2.13373521e+1
  6.90533966e-4  1.26040067e+2  2.62116907e-7  2.13876352e+1  2.13058926e+1
  7.21106517e-4  1.20613587e+2  2.85709693e-7  2.13534135e+1  2.12717324e+1
  7.53032630e-4  1.15417260e+2  3.11419770e-7  2.13162678e+1  2.12346534e+1
  7.86372232e-4  1.10441330e+2  3.39436287e-7  2.12759644e+1  2.11944225e+1
  8.21187906e-4  1.05676458e+2  3.69965174e-7  2.12322541e+1  2.11507909e+1
  8.57545000e-4  1.01113700e+2  4.03230610e-7  2.11848712e+1  2.11034937e+1
  8.95511761e-4  9.67444901e+1  4.39476626e-7  2.11335366e+1  2.10522492e+1
  9.35159454e-4  9.25606280e+1  4.78968842e-7  2.10779464e+1  2.09967588e+1
  9.76562500e-4  8.85542598e+1  5.21996347e-7  2.10177869e+1  2.09367067e+1
  1.01979862e-3  8.47178649e+1  5.68873755e-7  2.09527213e+1  2.08717601e+1
  1.06494896e-3  8.10442421e+1  6.19943418e-7  2.08823997e+1  2.08015691e+1
  1.11209828e-3  7.75264954e+1  6.75577846e-7  2.08064588e+1  2.07257672e+1
  1.16133507e-3  7.41580216e+1  7.36182317e-7  2.07245124e+1  2.06439722e+1
  1.21275177e-3  7.09324974e+1  8.02197717e-7  2.06361635e+1  2.05557873e+1
  1.26644488e-3  6.78438681e+1  8.74103620e-7  2.05410008e+1  2.04608022e+1
  1.32251518e-3  6.48863357e+1  9.52421618e-7  2.04386019e+1  2.03585950e+1
  1.38106793e-3  6.20543484e+1  1.03771895e-6  2.03285346e+1  2.02487351e+1
  1.44221303e-3  5.93425900e+1  1.13061240e-6  2.02103605e+1  2.01307852e+1
  1.50606526e-3  5.67459697e+1  1.23177256e-6  2.00836524e+1  2.00043051e+1
  1.57274446e-3  5.42596132e+1  1.34192843e-6  1.99479282e+1  1.98688556e+1
  1.64237581e-3  5.18788528e+1  1.46187238e-6  1.98027945e+1  1.97240029e+1
  1.71509000e-3  4.95992191e+1  1.59246554e-6  1.96478133e+1  1.95693239e+1
  1.79102352e-3  4.74164324e+1  1.73464364e-6  1.94825734e+1  1.94044114e+1
  1.87031891e-3  4.53263948e+1  1.88942329e-6  1.93066963e+1  1.92288810e+1
  1.95312500e-3  4.33251824e+1  2.05790884e-6  1.91198179e+1  1.90423770e+1
  2.03959723e-3  4.14090381e+1  2.24129968e-6  1.89216180e+1  1.88445802e+1
  2.12989792e-3  3.95743641e+1  2.44089823e-6  1.87118215e+1  1.86352146e+1
  2.22419655e-3  3.78177158e+1  2.65811856e-6  1.84902105e+1  1.84140555e+1
  2.32267015e-3  3.61357946e+1  2.89449559e-6  1.82565922e+1  1.81809362e+1
  2.42550354e-3  3.45254425e+1  3.15169516e-6  1.80108932e+1  1.79357560e+1
  2.53288976e-3  3.29836355e+1  3.43152477e-6  1.77530678e+1  1.76784864e+1
  2.64503037e-3  3.15074781e+1  3.73594521e-6  1.74831683e+1  1.74091773e+1
  2.76213586e-3  3.00941980e+1  4.06708313e-6  1.72013287e+1  1.71279625e+1
  2.88442607e-3  2.87411410e+1  4.42724442e-6  1.69077672e+1  1.68350632e+1
  3.01213052e-3  2.74457654e+1  4.81892882e-6  1.66027953e+1  1.65307911e+1
  3.14548893e-3  2.62056380e+1  5.24484542e-6  1.62868158e+1  1.62155494e+1
  3.28475162e-3  2.50184289e+1  5.70792949e-6  1.59603214e+1  1.58898325e+1
  3.43018000e-3  2.38819076e+1  6.21136043e-6  1.56238959e+1  1.55542234e+1
  3.58204704e-3  2.27939383e+1  6.75858109e-6  1.52782064e+1  1.52093899e+1
  3.74063782e-3  2.17524764e+1  7.35331847e-6  1.49239998e+1  1.48560791e+1
  3.90625000e-3  2.07555643e+1  7.99960591e-6  1.45620958e+1  1.44951095e+1
  4.07919446e-3  1.98013276e+1  8.70180684e-6  1.41933728e+1  1.41273623e+1
  4.25979583e-3  1.88879721e+1  9.46464020e-6  1.38187687e+1  1.37537715e+1
  4.44839310e-3  1.80137799e+1  1.02932075e-5  1.34392592e+1  1.33753128e+1
  4.64534029e-3  1.71771063e+1  1.11930221e-5  1.30558512e+1  1.29929916e+1
  4.85100708e-3  1.63763769e+1  1.21700395e-5  1.26695653e+1  1.26078309e+1
  5.06577951e-3  1.56100843e+1  1.32306912e-5  1.22814351e+1  1.22208596e+1
  5.29006073e-3  1.48767853e+1  1.43819190e-5  1.18924838e+1  1.18331003e+1
  5.52427173e-3  1.41750986e+1  1.56312125e-5  1.15037178e+1  1.14455583e+1
  5.76885213e-3  1.35037017e+1  1.69866489e-5  1.11161190e+1  1.10592111e+1
  6.02426104e-3  1.28613283e+1  1.84569348e-5  1.07306276e+1  1.06749991e+1
  6.29097786e-3  1.22467664e+1  2.00514508e-5  1.03481419e+1  1.02938174e+1
  6.56950324e-3  1.16588558e+1  2.17802983e-5  9.96950657e+0  9.91650915e+0
  6.86036000e-3  1.10964856e+1  2.36543494e-5  9.59551011e+0  9.54385975e+0
  7.16409409e-3  1.05585923e+1  2.56852994e-5  9.22687901e+0  9.17659300e+0
  7.48127563e-3  1.00441579e+1  2.78857213e-5  8.86427459e+0  8.81536817e+0
  7.81250000e-3  9.55220789e+0  3.02691247e-5  8.50829275e+0  8.46077835e+0
  8.15838893e-3  9.08180908e+0  3.28500156e-5  8.15946278e+0  8.11335009e+0
  8.51959166e-3  8.63206822e+0  3.56439607e-5  7.81824787e+0  7.77354387e+0
  8.89678621e-3  8.20213002e+0  3.86676534e-5  7.48504828e+0  7.44175557e+0
  9.29068059e-3  7.79117565e+0  4.19389834e-5  7.16019557e+0  7.11831867e+0
  9.70201416e-3  7.39842104e+0  4.54771085e-5  6.84397060e+0  6.80350692e+0
  1.01315590e-2  7.02311544e+0  4.93025289e-5  6.53659190e+0  6.49753767e+0
  1.05801215e-2  6.66453997e+0  5.34371654e-5  6.23822640e+0  6.20057538e+0
  1.10485435e-2  6.32200614e+0  5.79044379e-5  5.94899161e+0  5.91273544e+0
  1.15377043e-2  5.99485461e+0  6.27293480e-5  5.66896059e+0  5.63408807e+0
  1.20485221e-2  5.68245382e+0  6.79385626e-5  5.39816464e+0  5.36466229e+0
  1.25819557e-2  5.38419881e+0  7.35604995e-5  5.13659748e+0  5.10444987e+0
  1.31390065e-2  5.09951001e+0  7.96254145e-5  4.88421989e+0  4.85340912e+0
  1.37207200e-2  4.82783209e+0  8.61654893e-5  4.64096165e+0  4.61146861e+0
  1.43281882e-2  4.56863289e+0  9.32149203e-5  4.40672784e+0  4.37853068e+0
  1.49625513e-2  4.32140234e+0  1.00810007e-4  4.18139907e+0  4.15447475e+0
  1.56250000e-2  4.08565151e+0  1.08989242e-4  3.96483707e+0  3.93916040e+0
  1.63167779e-2  3.86091156e+0  1.17793396e-4  3.75688564e+0  3.73243027e+0
  1.70391833e-2  3.64673288e+0  1.27265605e-4  3.55737452e+0  3.53411265e+0
  1.77935724e-2  3.44268417e+0  1.37451456e-4  3.36612136e+0  3.34402388e+0
  1.85813612e-2  3.24835160e+0  1.48399061e-4  3.18293388e+0  3.16197056e+0
  1.94040283e-2  3.06333799e+0  1.60159141e-4  3.00761174e+0  2.98775146e+0
  2.02631180e-2  2.88726200e+0  1.72785092e-4  2.83994900e+0  2.82115929e+0
  2.11602429e-2  2.71975744e+0  1.86333054e-4  2.67973406e+0  2.66198226e+0
  2.20970869e-2  2.56047249e+0  2.00861967e-4  2.52675336e+0  2.51000543e+0
  2.30754085e-2  2.40906907e+0  2.16433625e-4  2.38078944e+0  2.36501194e+0
  2.40970441e-2  2.26522214e+0  2.33112716e-4  2.24162408e+0  2.22678401e+0
  2.51639114e-2  2.12861914e+0  2.50966852e-4  2.10904501e+0  2.09510394e+0
  2.62780130e-2  1.99895931e+0  2.70066595e-4  1.98283003e+0  1.96975481e+0
  2.74414400e-2  1.87595321e+0  2.90485462e-4  1.86276597e+0  1.85052118e+0
  2.86563764e-2  1.75932215e+0  3.12299919e-4  1.74863855e+0  1.73718970e+0
  2.99251025e-2  1.64879769e+0  3.35589364e-4  1.64023762e+0  1.62954954e+0
  3.12500000e-2  1.54412114e+0  3.60436088e-4  1.53735469e+0  1.52739280e+0
  3.26335557e-2  1.44504315e+0  3.86925227e-4  1.43978508e+0  1.43051488e+0
  3.40783666e-2  1.35132326e+0  4.15144691e-4  1.34732714e+0  1.33871472e+0
  3.55871448e-2  1.26272951e+0  4.45185074e-4  1.25978290e+0  1.25179502e+0
  3.71627223e-2  1.17903807e+0  4.77139547e-4  1.17695869e+0  1.16956246e+0
  3.88080566e-2  1.10003287e+0  5.11103735e-4  1.09866459e+0  1.09182780e+0
  4.05262361e-2  1.02550532e+0  5.47175563e-4  1.02471472e+0  1.01840600e+0
  4.23204858e-2  9.55253953e-1  5.85455093e-4  9.54927495e-1  9.49116308e-1
  4.41941738e-2  8.89084200e-1  6.26044333e-4  8.89125956e-1  8.83782322e-1
  4.61508171e-2  8.26808099e-1  6.69047028e-4  8.27136844e-1  8.22232033e-1
  4.81940883e-2  7.68244073e-1  7.14568431e-4  7.68791810e-1  7.64297852e-1
  5.03278229e-2  7.13216710e-1  7.62715052e-4  7.13926613e-1  7.09816629e-1
  5.25560260e-2  6.61556564e-1  8.13594391e-4  6.62381602e-1  6.58629662e-1
  5.48828800e-2  6.13099973e-1  8.67314651e-4  6.14001393e-1  6.10582701e-1
  5.73127527e-2  5.67688899e-1  9.23984433e-4  5.68635175e-1  5.65525941e-1
  5.98502050e-2  5.25170771e-1  9.83712421e-4  5.26136527e-1  5.23314016e-1
  6.25000000e-2  4.85398353e-1  1.04660705e-3  4.86363271e-1  4.83805987e-1
  6.52671114e-2  4.48229615e-1  1.11277615e-3  4.49177900e-1  4.46865326e-1
  6.81567333e-2  4.13527625e-1  1.18232662e-3  4.14447223e-1  4.12359904e-1
  7.11742897e-2  3.81160435e-1  1.25536402e-3  3.82042347e-1  3.80161967e-1
  7.43254447e-2  3.51000993e-1  1.33199228e-3  3.51838757e-1  3.50148114e-1
  7.76161133e-2  3.22927046e-1  1.41231324e-3  3.23716388e-1  3.22199279e-1
  8.10524722e-2  2.96821059e-1  1.49642636e-3  2.97559434e-1  2.96200696e-1
  8.46409717e-2  2.72570132e-1  1.58442832e-3  2.73256423e-1  2.72041877e-1
  8.83883476e-2  2.50065919e-1  1.67641265e-3  2.50700097e-1  2.49616573e-1
  9.23016341e-2  2.29204556e-1  1.77246943e-3  2.29787490e-1  2.28822739e-1
  9.63881766e-2  2.09886580e-1  1.87268489e-3  2.10419828e-1  2.09562492e-1
  1.00655646e-1  1.92016855e-1  1.97714115e-3  1.92502459e-1  1.91742064e-1
  1.05112052e-1  1.75504495e-1  2.08591585e-3  1.75944860e-1  1.75271754e-1
  1.09765760e-1  1.60262780e-1  2.19908192e-3  1.60660563e-1  1.60065867e-1
  1.14625505e-1  1.46209075e-1  2.31670728e-3  1.46567048e-1  1.46042657e-1
  1.19700410e-1  1.33264749e-1  2.43885459e-3  1.33585778e-1  1.33124254e-1
  1.25000000e-1  1.21355077e-1  2.56558109e-3  1.21642007e-1  1.21236597e-1
  1.30534223e-1  1.10409158e-1  2.69693833e-3  1.10664802e-1  1.10309351e-1
  1.36313467e-1  1.00359811e-1  2.83297209e-3  1.00586887e-1  1.00275824e-1
  1.42348579e-1  9.11434757e-2  2.97372216e-3  9.13445897e-2  9.10728776e-2
  1.48650889e-1  8.27001134e-2  3.11922234e-3  8.28777212e-2  8.26408331e-2
  1.55232227e-1  7.49730951e-2  3.26950026e-3  7.51295180e-2  7.49233710e-2
  1.62104944e-1  6.79090929e-2  3.42457743e-3  6.80465078e-2  6.78674284e-2
  1.69281943e-1  6.14579663e-2  3.58446916e-3  6.15783717e-2  6.14230915e-2
  1.76776695e-1  5.55726461e-2  3.74918463e-3  5.56778862e-2  5.55434848e-2
  1.84603268e-1  5.02090168e-2  3.91872689e-3  5.03007835e-2  5.01846579e-2
  1.92776353e-1  4.53257967e-2  4.09309296e-3  4.54056232e-2  4.53054700e-2
  2.01311291e-1  4.08844176e-2  4.27227394e-3  4.09537037e-2  4.08674725e-2
  2.10224104e-1  3.68489033e-2  4.45625509e-3  3.69089006e-2  3.68347911e-2
  2.19531520e-1  3.31857486e-2  4.64501603e-3  3.32375881e-2  3.31740072e-2
  2.29251011e-1  2.98637989e-2  4.83853087e-3  2.99084902e-2  2.98540394e-2
  2.39400820e-1  2.68541301e-2  5.03676845e-3  2.68925721e-2  2.68460256e-2
  2.50000000e-1  2.41299309e-2  5.23969246e-3  2.41629207e-2  2.41232069e-2
  2.61068446e-1  2.16663859e-2  5.44726176e-3  2.16946304e-2  2.16608125e-2
  2.72626933e-1  1.94405628e-2  5.65943056e-3  1.94646706e-2  1.94359471e-2
  2.84697159e-1  1.74313001e-2  5.87614867e-3  1.74518120e-2  1.74274809e-2
  2.97301779e-1  1.56190999e-2  6.09736178e-3  1.56364754e-2  1.56159426e-2
  3.10464453e-1  1.39860232e-2  6.32301169e-3  1.40006379e-2  1.39834152e-2
  3.24209889e-1  1.25155884e-2  6.55303663e-3  1.25276983e-2  1.25134359e-2
  3.38563887e-1  1.11926746e-2  6.78737147e-3  1.12021714e-2  1.11908994e-2
  3.53553391e-1  9.99615408e-3  7.02592117e-3  1.00009477e-2  9.99465132e-3
  3.69206536e-1  8.86934053e-3  7.26782550e-3  8.87330152e-3  8.86803683e-3
  3.85552706e-1  7.80809352e-3  7.51129987e-3  7.81194642e-3  7.80697277e-3
  4.02622583e-1  6.81778391e-3  7.75440025e-3  6.82165359e-3  6.81682943e-3
  4.20448208e-1  5.90239940e-3  7.99510631e-3  5.90627303e-3  5.90159431e-3
  4.39063040e-1  5.06450155e-3  8.23136997e-3  5.06832171e-3  5.06382919e-3
  4.58502022e-1  4.30522562e-3  8.46116873e-3  4.30892352e-3  4.30466984e-3
  4.78801640e-1  3.62432351e-3  8.68256198e-3  3.62783462e-3  3.62386894e-3
  5.00000000e-1  3.02024819e-3  8.89374751e-3  3.02351900e-3  3.01988045e-3
  5.22136891e-1  2.49027586e-3  9.09311592e-3  2.49326711e-3  2.48998173e-3
  5.45253866e-1  2.03066039e-3  9.27929962e-3  2.03334761e-3  2.03042789e-3
  5.69394317e-1  1.63681263e-3  9.45121397e-3  1.63918548e-3  1.63663109e-3
  5.94603558e-1  1.30349646e-3  9.60808783e-3  1.30555685e-3  1.30335649e-3
  6.20928906e-1  1.02503215e-3  9.74948160e-3  1.02679220e-3  1.02492566e-3
  6.48419777e-1  7.95498020e-4  9.87529139e-3  7.96977544e-4  7.95418092e-4
  6.77127773e-1  6.08921327e-4  9.98573890e-3  6.10145626e-4  6.08862191e-4
  7.07106781e-1  4.59450786e-4  1.00813474e-2  4.60448317e-4  4.59407678e-4
  7.38413073e-1  3.41504230e-4  1.01629056e-2  3.42304732e-4  3.41473288e-4
  7.71105413e-1  2.49887052e-4  1.02314207e-2  2.50519946e-4  2.49865197e-4
  8.05245166e-1  1.79879022e-4  1.02880655e-2  1.80372216e-4  1.79863842e-4
  8.40896415e-1  1.27289199e-4  1.03341210e-2  1.27668204e-4  1.27278838e-4
  8.78126080e-1  8.84806072e-5  1.03709196e-2  8.87680288e-5  8.84736634e-5
  9.17004043e-1  6.03680048e-5  1.03997916e-2  6.05833068e-5  6.03634385e-5
  9.57603281e-1  4.03932889e-5  1.04220177e-2  4.05527900e-5  4.03903448e-5
  1.00000000e+0  2.64838354e-5  1.04387916e-2  2.66008804e-5  2.64819760e-5
  1.04427378e+0  1.69992925e-5  1.04511910e-2  1.70845367e-5  1.69981431e-5
  1.09050773e+0  1.06721233e-5  1.04601607e-2  1.07338882e-5  1.06714286e-5
  1.13878863e+0  6.54658013e-6  1.04665043e-2  6.59122567e-6  6.54616998e-6
  1.18920712e+0  3.91991434e-6  1.04708861e-2  3.95220583e-6  3.91967802e-6
  1.24185781e+0  2.28861192e-6  1.04738392e-2  2.31205519e-6  2.28847918e-6
  1.29683955e+0  1.30141466e-6  1.04757788e-2  1.31854712e-6  1.30134206e-6
  1.35425555e+0  7.19946413e-7  1.04770191e-2  7.32579924e-7  7.19907792e-7
  1.41421356e+0  3.86986765e-7  1.04777903e-2  3.96401833e-7  3.86966806e-7
  1.47682615e+0  2.01860155e-7  1.04782560e-2  2.08956090e-7  2.01850147e-7
  1.54221083e+0  1.02043711e-7  1.04785287e-2  1.07451085e-7  1.02038849e-7
  1.61049033e+0  4.99229322e-8  1.04786834e-2  5.40853731e-8  4.99206462e-8
  1.68179283e+0  2.36027425e-8  1.04787682e-2  2.68349312e-8  2.36017041e-8
  1.75625216e+0  1.07675244e-8  1.04788132e-2  1.32954390e-8  1.07670694e-8
  1.83400809e+0  4.73231489e-9  1.04788362e-2  6.72068931e-9  4.73212278e-9
  1.91520656e+0  2.00040870e-9  1.04788475e-2  3.57127432e-9  2.00033071e-9
  2.00000000e+0  8.11899689e-10  1.04788529e-2  2.05706459e-9  8.11869294e-10
  2.08854756e+0  3.15822174e-10  1.04788553e-2  1.30530960e-9  3.15810822e-10
  2.18101547e+0  1.17523010e-10  1.04788564e-2  9.05349300e-10  1.17518955e-10
  2.27757727e+0  4.17532733e-11  1.04788568e-2  6.69958767e-10  4.17518902e-11
  2.37841423e+0  1.41336723e-11  1.04788570e-2  5.15658257e-10  1.41332229e-11
  2.48371562e+0  4.54869154e-12  1.04788570e-2  4.05330392e-10  4.54855275e-12
  2.59367911e+0  1.38871741e-12  1.04788571e-2  3.21927228e-10  1.38867675e-12
  2.70851109e+0  4.01257485e-13  1.04788571e-2  2.56942845e-10  4.01246212e-13
  2.82842712e+0  1.09459974e-13  1.04788571e-2  2.05556807e-10  1.09457023e-13
  2.95365229e+0  2.81193081e-14  1.04788571e-2  1.64645698e-10  2.81185810e-14
  3.08442165e+0  6.78447474e-15  1.04788571e-2  1.31971570e-10  6.78430645e-15
  3.22098066e+0  1.53314850e-15  1.04788571e-2  1.05835098e-10  1.53311202e-15
  3.36358566e+0  3.23555884e-16  1.04788571e-2  8.49091472e-11  3.23548500e-16
  3.51250432e+0  6.35764697e-17  1.04788571e-2  6.81443255e-11  6.35750781e-17
  3.66801617e+0  1.15945062e-17  1.04788571e-2  5.47063887e-11  1.15942629e-17
  3.83041312e+0  1.95606269e-18  1.04788571e-2  4.39304612e-11  1.95602332e-18
  4.00000000e+0  3.04221823e-19  1.04788571e-2  3.52858872e-11  3.04215951e-19
  4.17709513e+0  4.34621459e-20  1.04788571e-2  2.83487249e-11  4.34613415e-20
  4.36203093e+0  5.68214161e-21  1.04788571e-2  2.27800154e-11  5.68204079e-21
  4.55515454e+0  6.77154247e-22  1.04788571e-2  1.83085631e-11  6.77142728e-22
  4.75682846e+0  7.32583104e-23  1.04788571e-2  1.47172576e-11  7.32571157e-23
  4.96743125e+0  7.16407545e-24  1.04788571e-2  1.18321936e-11  7.16396345e-24
  5.18735822e+0  6.30456679e-25  1.04788571e-2  9.51400601e-12  6.30447231e-25
  5.41702219e+0  4.96951602e-26  1.04788571e-2  7.65096055e-12  4.96944463e-26
  5.65685425e+0  3.49155425e-27  1.04788571e-2  6.15344076e-12  3.49150617e-27
  5.90730458e+0  2.17549299e-28  1.04788571e-2  4.94954417e-12  2.17546428e-28
  6.16884330e+0  1.19569716e-29  1.04788571e-2  3.98156233e-12  1.19568204e-29
  6.44196133e+0  5.76497590e-31  1.04788571e-2  3.20316530e-12  5.76490602e-31
  6.72717132e+0  2.42419733e-32  1.04788571e-2  2.57714836e-12  2.42416916e-32
  7.02500864e+0  8.83695195e-34  1.04788571e-2  2.07362750e-12  8.83685356e-34
  7.33603235e+0  2.77494581e-35  1.04788571e-2  1.66859375e-12  2.77491620e-35
  7.66082625e+0  7.45685743e-37  1.04788571e-2  1.34275433e-12  7.45678119e-37
  8.00000000e+0  1.70298704e-38  1.04788571e-2  1.08060344e-12  1.70297035e-38
  8.35419026e+0  3.28165752e-40  1.04788571e-2  8.69676863e-13  3.28162672e-40
  8.72406186e+0  5.29584597e-42  1.04788571e-2  6.99953856e-13  5.29579833e-42
  9.11030908e+0  7.10111857e-44  1.04788571e-2  5.63377020e-13  7.10105737e-44
  9.51365692e+0  7.84703626e-46  1.04788571e-2  4.53466824e-13  7.84697147e-46
  9.93486250e+0  7.08520593e-48  1.04788571e-2  3.65012018e-13  7.08514988e-48
  1.03747164e+1  5.18063491e-50  1.04788571e-2  2.93820956e-13  5.18059565e-50
  1.08340444e+1  3.03907201e-52  1.04788571e-2  2.36521787e-13  3.03904994e-52
  1.13137085e+1  1.41641560e-54  1.04788571e-2  1.90401882e-13  1.41640574e-54
  1.18146092e+1  5.19169058e-57  1.04788571e-2  1.53278779e-13  5.19165597e-57
  1.23376866e+1  1.48073089e-59  1.04788571e-2  1.23396442e-13  1.48072143e-59
  1.28839227e+1  3.24989286e-62  1.04788571e-2  9.93418447e-14  3.24987298e-62
  1.34543426e+1  5.42563157e-65  1.04788571e-2  7.99779065e-14  5.42559977e-65
  1.40500173e+1  6.80706131e-68  1.04788571e-2  6.43895494e-14  6.80702310e-68
  1.46720647e+1  6.33729611e-71  1.04788571e-2  5.18403182e-14  6.33726203e-71
  1.53216525e+1  4.32062903e-74  1.04788571e-2  4.17374810e-14  4.32060677e-74
  1.60000000e+1  2.12764074e-77  1.04788571e-2  3.36039721e-14  2.12763024e-77
  1.67083805e+1  7.45937494e-81  1.04788571e-2  2.70557956e-14  7.45933968e-81
  1.74481237e+1  1.83411654e-84  1.04788571e-2  2.17838616e-14  1.83410823e-84
  1.82206182e+1  3.11350867e-88  1.04788571e-2  1.75393660e-14  3.11349516e-88
  1.90273138e+1  3.58961757e-92  1.04788571e-2  1.41220258e-14  3.58960265e-92
  1.98697250e+1  2.76300792e-96  1.04788571e-2  1.13706124e-14  2.76299693e-96
  2.07494329e+1  1.39470855e-100  1.04788571e-2  9.15533297e-15  1.39470324e-100
  2.16680888e+1  4.53147701e-105  1.04788571e-2  7.37169879e-15  4.53146046e-105
  2.26274170e+1  9.29350450e-110  1.04788571e-2  5.93559202e-15  9.29347200e-110
  2.36292183e+1  1.17884316e-114  1.04788571e-2  4.77928459e-15  1.17883921e-114
  2.46753732e+1  9.05380235e-120  1.04788571e-2  3.84825873e-15  9.05377330e-120
  2.57678453e+1  4.11772308e-125  1.04788571e-2  3.09861684e-15  4.11771043e-125
  2.69086853e+1  1.08357746e-130  1.04788571e-2  2.49501711e-15  1.08357427e-130
  2.81000346e+1  1.61034526e-136  1.04788571e-2  2.00900512e-15  1.61034072e-136
  2.93441294e+1  1.31779540e-142  1.04788571e-2  1.61767133e-15  1.31779184e-142
  3.06433050e+1  5.78328053e-149  1.04788571e-2  1.30257003e-15  5.78326557e-149
  3.20000000e+1  1.32408909e-155  1.04788571e-2  1.04884986e-15  1.32408581e-155
  3.34167610e+1  1.53661758e-162  1.04788571e-2  8.44552958e-16  1.53661394e-162
  3.48962474e+1  8.77112079e-170  1.04788571e-2  6.80051273e-16  8.77110086e-170
  3.64412363e+1  2.38639158e-177  1.04788571e-2  5.47592557e-16  2.38638639e-177
  3.80546277e+1  2.99487172e-185  1.04788571e-2  4.40934860e-16  2.99486548e-185
  3.97394500e+1  1.67527627e-193  1.04788571e-2  3.55052247e-16  1.67527292e-193
  4.14988657e+1  4.03022613e-202  1.04788571e-2  2.85897891e-16  4.03021843e-202
  4.33361775e+1  4.01681991e-211  1.04788571e-2  2.30213308e-16  4.01681256e-211
  4.52548340e+1  1.59515224e-220  1.04788571e-2  1.85374765e-16  1.59514945e-220
  4.72584367e+1  2.42323469e-230  1.04788571e-2  1.49269633e-16  2.42323062e-230
  4.93507464e+1  1.34953998e-240  1.04788571e-2  1.20196801e-16  1.34953781e-240
  5.15356906e+1  2.63559286e-251  1.04788571e-2  9.67865289e-17  2.63558881e-251
  5.38173706e+1  1.72315476e-262  1.04788571e-2  7.79358772e-17  1.72315222e-262
  5.62000691e+1  3.59321061e-274  1.04788571e-2  6.27567440e-17  3.59320553e-274
  5.86882588e+1  2.27185685e-286  1.04788571e-2  5.05340162e-17  2.27185377e-286
  6.12866100e+1  4.13117714e-299  1.04788571e-2  4.06918686e-17  4.13117178e-299
  6.40000000e+1  2.04456078e-312  1.04788571e-2  3.27666296e-17  2.04455824e-312
