# listNFWModel[0.0121, 0.4, 1/(2*Pi), 0.00375, "halo_c039_a1021_e00375.txt", {2, -16, 6, 1/16}, 12]
#             r         rho(r)        mass(r)     rho_eps(r)     rho(r_eps)
  1.52587891e-5  1.25889869e+2  2.81252055e-12  3.26340648e-1  2.99282378e-1
  1.59343534e-5  1.20539109e+2  3.06684736e-12  3.26340295e-1  2.99282047e-1
  1.66398275e-5  1.15415205e+2  3.34416111e-12  3.26339911e-1  2.99281687e-1
  1.73765356e-5  1.10508540e+2  3.64653789e-12  3.26339491e-1  2.99281294e-1
  1.81458605e-5  1.05809905e+2  3.97624112e-12  3.26339034e-1  2.99280866e-1
  1.89492464e-5  1.01310478e+2  4.33573838e-12  3.26338535e-1  2.99280399e-1
  1.97882012e-5  9.70018158e+1  4.72771979e-12  3.26337991e-1  2.99279889e-1
  2.06642997e-5  9.28758292e+1  5.15511805e-12  3.26337398e-1  2.99279334e-1
  2.15791864e-5  8.89247739e+1  5.62113028e-12  3.26336752e-1  2.99278728e-1
  2.25345786e-5  8.51412334e+1  6.12924181e-12  3.26336046e-1  2.99278067e-1
  2.35322697e-5  8.15181059e+1  6.68325209e-12  3.26335277e-1  2.99277347e-1
  2.45741323e-5  7.80485906e+1  7.28730293e-12  3.26334439e-1  2.99276561e-1
  2.56621220e-5  7.47261748e+1  7.94590932e-12  3.26333524e-1  2.99275704e-1
  2.67982813e-5  7.15446222e+1  8.66399294e-12  3.26332527e-1  2.99274770e-1
  2.79847425e-5  6.84979609e+1  9.44691869e-12  3.26331439e-1  2.99273751e-1
  2.92237329e-5  6.55804720e+1  1.03005345e-11  3.26330253e-1  2.99272640e-1
  3.05175781e-5  6.27866793e+1  1.12312148e-11  3.26328960e-1  2.99271428e-1
  3.18687067e-5  6.01113386e+1  1.22459075e-11  3.26327549e-1  2.99270107e-1
  3.32796549e-5  5.75494282e+1  1.33521858e-11  3.26326011e-1  2.99268666e-1
  3.47530711e-5  5.50961391e+1  1.45583041e-11  3.26324334e-1  2.99267095e-1
  3.62917210e-5  5.27468665e+1  1.58732589e-11  3.26322505e-1  2.99265382e-1
  3.78984928e-5  5.04972004e+1  1.73068556e-11  3.26320510e-1  2.99263513e-1
  3.95764024e-5  4.83429183e+1  1.88697809e-11  3.26318337e-1  2.99261476e-1
  4.13285995e-5  4.62799763e+1  2.05736813e-11  3.26315965e-1  2.99259254e-1
  4.31583729e-5  4.43045022e+1  2.24312498e-11  3.26313378e-1  2.99256831e-1
  4.50691573e-5  4.24127879e+1  2.44563186e-11  3.26310558e-1  2.99254188e-1
  4.70645393e-5  4.06012825e+1  2.66639615e-11  3.26307482e-1  2.99251307e-1
  4.91482645e-5  3.88665857e+1  2.90706047e-11  3.26304130e-1  2.99248165e-1
  5.13242441e-5  3.72054414e+1  3.16941476e-11  3.26300473e-1  2.99244739e-1
  5.35965625e-5  3.56147315e+1  3.45540941e-11  3.26296478e-1  2.99241002e-1
  5.59694851e-5  3.40914701e+1  3.76716958e-11  3.26292129e-1  2.99236928e-1
  5.84474659e-5  3.26327979e+1  4.10701081e-11  3.26287386e-1  2.99232485e-1
  6.10351563e-5  3.12359770e+1  4.47745589e-11  3.26282214e-1  2.99227640e-1
  6.37374135e-5  2.98983853e+1  4.88125340e-11  3.26276575e-1  2.99222357e-1
  6.65593099e-5  2.86175122e+1  5.32139775e-11  3.26270430e-1  2.99216596e-1
  6.95061423e-5  2.73909534e+1  5.80115100e-11  3.26263723e-1  2.99210313e-1
  7.25834421e-5  2.62164065e+1  6.32406667e-11  3.26256412e-1  2.99203463e-1
  7.57969856e-5  2.50916668e+1  6.89401558e-11  3.26248438e-1  2.99195992e-1
  7.91528048e-5  2.40146231e+1  7.51521398e-11  3.26239742e-1  2.99187846e-1
  8.26571989e-5  2.29832537e+1  8.19225410e-11  3.26230260e-1  2.99178964e-1
  8.63167458e-5  2.19956226e+1  8.93013750e-11  3.26219920e-1  2.99169278e-1
  9.01383146e-5  2.10498760e+1  9.73431114e-11  3.26208645e-1  2.99158716e-1
  9.41290787e-5  2.01442387e+1  1.06107068e-10  3.26196301e-1  2.99147199e-1
  9.82965290e-5  1.92770106e+1  1.15657838e-10  3.26182895e-1  2.99134641e-1
  1.02648488e-4  1.84465640e+1  1.26065753e-10  3.26168277e-1  2.99120948e-1
  1.07193125e-4  1.76513400e+1  1.37407392e-10  3.26152289e-1  2.99106016e-1
  1.11938970e-4  1.68898458e+1  1.49766127e-10  3.26134909e-1  2.99089736e-1
  1.16894932e-4  1.61606522e+1  1.63232718e-10  3.26115958e-1  2.99071984e-1
  1.22070313e-4  1.54623903e+1  1.77905964e-10  3.26095286e-1  2.99052628e-1
  1.27474827e-4  1.47937494e+1  1.93893406e-10  3.26072756e-1  2.99031523e-1
  1.33118620e-4  1.41534744e+1  2.11312086e-10  3.26048191e-1  2.99008512e-1
  1.39012285e-4  1.35403634e+1  2.30289382e-10  3.26021407e-1  2.98983422e-1
  1.45166884e-4  1.29532656e+1  2.50963906e-10  3.25992204e-1  2.98956067e-1
  1.51593971e-4  1.23910789e+1  2.73486476e-10  3.25960365e-1  2.98926242e-1
  1.58305610e-4  1.18527479e+1  2.98021185e-10  3.25925652e-1  2.98893726e-1
  1.65314398e-4  1.13372623e+1  3.24746540e-10  3.25887807e-1  2.98858275e-1
  1.72633492e-4  1.08436542e+1  3.53856716e-10  3.25846434e-1  2.98819626e-1
  1.80276629e-4  1.03709971e+1  3.85562905e-10  3.25801574e-1  2.98777492e-1
  1.88258157e-4  9.91840381e+0  4.20094778e-10  3.25752527e-1  2.98731559e-1
  1.96593058e-4  9.48502462e+0  4.57702078e-10  3.25699071e-1  2.98681486e-1
  2.05296976e-4  9.07004602e+0  4.98656333e-10  3.25640798e-1  2.98626903e-1
  2.14386250e-4  8.67268898e+0  5.43252724e-10  3.25577275e-1  2.98567404e-1
  2.23877940e-4  8.29220754e+0  5.91812098e-10  3.25508014e-1  2.98502549e-1
  2.33789863e-4  7.92788744e+0  6.44683149e-10  3.25432546e-1  2.98431860e-1
  2.44140625e-4  7.57904472e+0  7.02244784e-10  3.25350330e-1  2.98354815e-1
  2.54949654e-4  7.24502446e+0  7.64908669e-10  3.25260682e-1  2.98270846e-1
  2.66237239e-4  6.92519957e+0  8.33121996e-10  3.25162983e-1  2.98179336e-1
  2.78024569e-4  6.61896959e+0  9.07370464e-10  3.25056514e-1  2.98079614e-1
  2.90333768e-4  6.32575956e+0  9.88181502e-10  3.24940497e-1  2.97970950e-1
  3.03187942e-4  6.04501897e+0  1.07612775e-9  3.24814082e-1  2.97852549e-1
  3.16611219e-4  5.77622067e+0  1.17183082e-9  3.24676347e-1  2.97723550e-1
  3.30628796e-4  5.51885993e+0  1.27596533e-9  3.24526295e-1  2.97583014e-1
  3.45266983e-4  5.27245349e+0  1.38926330e-9  3.24362864e-1  2.97429925e-1
  3.60553258e-4  5.03653860e+0  1.51251886e-9  3.24184819e-1  2.97263176e-1
  3.76516315e-4  4.81067221e+0  1.64659329e-9  3.23990874e-1  2.97081569e-1
  3.93186116e-4  4.59443010e+0  1.79242053e-9  3.23779696e-1  2.96883801e-1
  4.10593953e-4  4.38740612e+0  1.95101303e-9  3.23549750e-1  2.96668462e-1
  4.28772500e-4  4.18921136e+0  2.12346807e-9  3.23299397e-1  2.96434022e-1
  4.47755880e-4  3.99947349e+0  2.31097456e-9  3.23026872e-1  2.96178826e-1
  4.67579727e-4  3.81783602e+0  2.51482034e-9  3.22730258e-1  2.95901079e-1
  4.88281250e-4  3.64395764e+0  2.73640001e-9  3.22407479e-1  2.95598844e-1
  5.09899308e-4  3.47751156e+0  2.97722328e-9  3.22056293e-1  2.95270023e-1
  5.32474479e-4  3.31818493e+0  3.23892404e-9  3.21674278e-1  2.94912352e-1
  5.56049138e-4  3.16567820e+0  3.52326994e-9  3.21258820e-1  2.94523388e-1
  5.80667537e-4  3.01970462e+0  3.83217269e-9  3.20807102e-1  2.94100497e-1
  6.06375885e-4  2.87998963e+0  4.16769911e-9  3.20316086e-1  2.93640841e-1
  6.33222439e-4  2.74627039e+0  4.53208286e-9  3.19782505e-1  2.93141371e-1
  6.61257591e-4  2.61829527e+0  4.92773698e-9  3.19202850e-1  2.92598807e-1
  6.90533966e-4  2.49582337e+0  5.35726727e-9  3.18573343e-1  2.92009633e-1
  7.21106517e-4  2.37862405e+0  5.82348654e-9  3.17889966e-1  2.91370082e-1
  7.53032630e-4  2.26647654e+0  6.32942969e-9  3.17148393e-1  2.90676125e-1
  7.86372232e-4  2.15916946e+0  6.87836982e-9  3.16344020e-1  2.89923463e-1
  8.21187906e-4  2.05650047e+0  7.47383527e-9  3.15471924e-1  2.89107515e-1
  8.57545000e-4  1.95827587e+0  8.11962763e-9  3.14526862e-1  2.88223411e-1
  8.95511761e-4  1.86431020e+0  8.81984092e-9  3.13503309e-1  2.87265988e-1
  9.35159454e-4  1.77442594e+0  9.57888168e-9  3.12395391e-1  2.86229787e-1
  9.76562500e-4  1.68845314e+0  1.04014903e-8  3.11196924e-1  2.85109051e-1
  1.01979862e-3  1.60622909e+0  1.12927633e-8  3.09901390e-1  2.83897730e-1
  1.06494896e-3  1.52759803e+0  1.22581772e-8  3.08501975e-1  2.82589488e-1
  1.11209828e-3  1.45241085e+0  1.33036125e-8  3.06991542e-1  2.81177720e-1
  1.16133507e-3  1.38052477e+0  1.44353806e-8  3.05362686e-1  2.79655565e-1
  1.21275177e-3  1.31180311e+0  1.56602496e-8  3.03607763e-1  2.78015939e-1
  1.26644488e-3  1.24611501e+0  1.69854736e-8  3.01718891e-1  2.76251563e-1
  1.32251518e-3  1.18333516e+0  1.84188209e-8  2.99687986e-1  2.74355008e-1
  1.38106793e-3  1.12334358e+0  1.99686053e-8  2.97506963e-1  2.72318748e-1
  1.44221303e-3  1.06602538e+0  2.16437169e-8  2.95167501e-1  2.70135219e-1
  1.50606526e-3  1.01127053e+0  2.34536549e-8  2.92661415e-1  2.67796892e-1
  1.57274446e-3  9.58973669e-1  2.54085605e-8  2.89980601e-1  2.65296360e-1
  1.64237581e-3  9.09033861e-1  2.75192516e-8  2.87117146e-1  2.62626427e-1
  1.71509000e-3  8.61354428e-1  2.97972572e-8  2.84063471e-1  2.59780223e-1
  1.79102352e-3  8.15842752e-1  3.22548532e-8  2.80812434e-1  2.56751311e-1
  1.87031891e-3  7.72410090e-1  3.49050978e-8  2.77357465e-1  2.53533822e-1
  1.95312500e-3  7.30971400e-1  3.77618684e-8  2.73692702e-1  2.50122586e-1
  2.03959723e-3  6.91445177e-1  4.08398973e-8  2.69813187e-1  2.46513277e-1
  2.12989792e-3  6.53753287e-1  4.41548080e-8  2.65714963e-1  2.42702552e-1
  2.22419655e-3  6.17820815e-1  4.77231512e-8  2.61395248e-1  2.38688206e-1
  2.32267015e-3  5.83575919e-1  5.15624392e-8  2.56852664e-1  2.34469306e-1
  2.42550354e-3  5.50949682e-1  5.56911811e-8  2.52087229e-1  2.30046333e-1
  2.53288976e-3  5.19875982e-1  6.01289147e-8  2.47100648e-1  2.25421303e-1
  2.64503037e-3  4.90291358e-1  6.48962386e-8  2.41896352e-1  2.20597871e-1
  2.76213586e-3  4.62134883e-1  7.00148413e-8  2.36479620e-1  2.15581424e-1
  2.88442607e-3  4.35348051e-1  7.55075281e-8  2.30857646e-1  2.10379130e-1
  3.01213052e-3  4.09874656e-1  8.13982457e-8  2.25039581e-1  2.04999977e-1
  3.14548893e-3  3.85660684e-1  8.77121031e-8  2.19036530e-1  1.99454761e-1
  3.28475162e-3  3.62654214e-1  9.44753893e-8  2.12861549e-1  1.93756046e-1
  3.43018000e-3  3.40805310e-1  1.01715586e-7  2.06529521e-1  1.87918087e-1
  3.58204704e-3  3.20065934e-1  1.09461379e-7  2.00057096e-1  1.81956713e-1
  3.74063782e-3  3.00389850e-1  1.17742658e-7  1.93462506e-1  1.75889173e-1
  3.90625000e-3  2.81732544e-1  1.26590518e-7  1.86765386e-1  1.69733949e-1
  4.07919446e-3  2.64051138e-1  1.36037252e-7  1.79986592e-1  1.63510544e-1
  4.25979583e-3  2.47304318e-1  1.46116335e-7  1.73147872e-1  1.57239240e-1
  4.44839310e-3  2.31452260e-1  1.56862406e-7  1.66271629e-1  1.50940844e-1
  4.64534029e-3  2.16456561e-1  1.68311239e-7  1.59380730e-1  1.44636415e-1
  4.85100708e-3  2.02280176e-1  1.80499707e-7  1.52498085e-1  1.38347003e-1
  5.06577951e-3  1.88887361e-1  1.93465739e-7  1.45646432e-1  1.32093375e-1
  5.29006073e-3  1.76243613e-1  2.07248272e-7  1.38848061e-1  1.25895764e-1
  5.52427173e-3  1.64315620e-1  2.21887187e-7  1.32124510e-1  1.19773631e-1
  5.76885213e-3  1.53071214e-1  2.37423244e-7  1.25496380e-1  1.13745448e-1
  6.02426104e-3  1.42479323e-1  2.53898006e-7  1.18983082e-1  1.07828513e-1
  6.29097786e-3  1.32509936e-1  2.71353753e-7  1.12602667e-1  1.02038788e-1
  6.56950324e-3  1.23134056e-1  2.89833388e-7  1.06371683e-1  9.63907780e-2
  6.86036000e-3  1.14323675e-1  3.09380340e-7  1.00305019e-1  9.08974309e-2
  7.16409409e-3  1.06051736e-1  3.30038451e-7  9.44158876e-2  8.55700805e-2
  7.48127563e-3  9.82921027e-2  3.51851862e-7  8.87156923e-2  8.04184135e-2
  7.81250000e-3  9.10195396e-2  3.74864889e-7  8.32140961e-2  7.54504677e-2
  8.15838893e-3  8.42096822e-2  3.99121894e-7  7.79189539e-2  7.06726557e-2
  8.51959166e-3  7.78390168e-2  4.24667148e-7  7.28363844e-2  6.60898111e-2
  8.89678621e-3  7.18848607e-2  4.51544695e-7  6.79708212e-2  6.17052544e-2
  9.29068059e-3  6.63253435e-2  4.79798204e-7  6.33250870e-2  5.75208754e-2
  9.70201416e-3  6.11393904e-2  5.09470826e-7  5.89004877e-2  5.35372273e-2
  1.01315590e-2  5.63067065e-2  5.40605039e-7  5.46969046e-2  4.97536306e-2
  1.05801215e-2  5.18077626e-2  5.73242504e-7  5.07129282e-2  4.61682837e-2
  1.10485435e-2  4.76237813e-2  6.07423913e-7  4.69459686e-2  4.27783762e-2
  1.15377043e-2  4.37367240e-2  6.43188839e-7  4.33923670e-2  3.95802041e-2
  1.20485221e-2  4.01292786e-2  6.80575589e-7  4.00475324e-2  3.65692836e-2
  1.25819557e-2  3.67848469e-2  7.19621065e-7  3.69060649e-2  3.37404623e-2
  1.31390065e-2  3.36875328e-2  7.60360621e-7  3.39618674e-2  3.10880263e-2
  1.37207200e-2  3.08221297e-2  8.02827936e-7  3.12082668e-2  2.86058018e-2
  1.43281882e-2  2.81741087e-2  8.47054882e-7  2.86381201e-2  2.62872511e-2
  1.49625513e-2  2.57296050e-2  8.93071410e-7  2.62439263e-2  2.41255608e-2
  1.56250000e-2  2.34754057e-2  9.40905441e-7  2.40179112e-2  2.21137238e-2
  1.63167779e-2  2.13989359e-2  9.90582765e-7  2.19521246e-2  2.02446138e-2
  1.70391833e-2  1.94882443e-2  1.04212695e-6  2.00385177e-2  1.85110517e-2
  1.77935724e-2  1.77319891e-2  1.09555927e-6  1.82690171e-2  1.69058658e-2
  1.85813612e-2  1.61194222e-2  1.15089862e-6  1.66355890e-2  1.54219437e-2
  1.94040283e-2  1.46403738e-2  1.20816150e-6  1.51302973e-2  1.40522785e-2
  2.02631180e-2  1.32852354e-2  1.26736192e-6  1.37453507e-2  1.27900075e-2
  2.11602429e-2  1.20449433e-2  1.32851141e-6  1.24731493e-2  1.16284455e-2
  2.20970869e-2  1.09109608e-2  1.39161898e-6  1.13063150e-2  1.05611122e-2
  2.30754085e-2  9.87526012e-3  1.45669113e-6  1.02377226e-2  9.58175400e-3
  2.40970441e-2  8.93030423e-3  1.52373183e-6  9.26052470e-3  8.68436183e-3
  2.51639114e-2  8.06902789e-3  1.59274258e-6  8.36816499e-3  7.86318369e-3
  2.62780130e-2  7.28481872e-3  1.66372238e-6  7.55439429e-3  7.11273389e-3
  2.74414400e-2  6.57149804e-3  1.73666784e-6  6.81327743e-3  6.42779859e-3
  2.86563764e-2  5.92330155e-3  1.81157316e-6  6.13919725e-3  5.80343831e-3
  2.99251025e-2  5.33486007e-3  1.88843024e-6  5.52685543e-3  5.23498775e-3
  3.12500000e-2  4.80118032e-3  1.96722872e-6  4.97126961e-3  4.71805327e-3
  3.26335557e-2  4.31762586e-3  2.04795610e-6  4.46776978e-3  4.24850842e-3
  3.40783666e-2  3.87989825e-3  2.13059774e-6  4.01198974e-3  3.82248781e-3
  3.55871448e-2  3.48401852e-3  2.21513704e-6  3.59985903e-3  3.43637959e-3
  3.71627223e-2  3.12630904e-3  2.30155548e-6  3.22759333e-3  3.08681688e-3
  3.88080566e-2  2.80337574e-3  2.38983275e-6  2.89168036e-3  2.77066823e-3
  4.05262361e-2  2.51209092e-3  2.47994684e-6  2.58887070e-3  2.48502757e-3
  4.23204858e-2  2.24957651e-3  2.57187413e-6  2.31616360e-3  2.22720356e-3
  4.41941738e-2  2.01318796e-3  2.66558956e-6  2.07079356e-3  1.99470881e-3
  4.61508171e-2  1.80049867e-3  2.76106666e-6  1.85021718e-3  1.78524874e-3
  4.81940883e-2  1.60928517e-3  2.85827773e-6  1.65210008e-3  1.59671068e-3
  5.03278229e-2  1.43751280e-3  2.95719392e-6  1.47430345e-3  1.42715281e-3
  5.25560260e-2  1.28332221e-3  3.05778534e-6  1.31487113e-3  1.27479349e-3
  5.48828800e-2  1.14501642e-3  3.16002117e-6  1.17201704e-3  1.13800068e-3
  5.73127527e-2  1.02104866e-3  3.26386980e-6  1.04411289e-3  1.01528181e-3
  5.98502050e-2  9.10010761e-4  3.36929889e-6  9.29676987e-4  9.05273943e-4
  6.25000000e-2  8.10622344e-4  3.47627550e-6  8.27361252e-4  8.06734326e-4
  6.52671114e-2  7.21720574e-4  3.58476618e-6  7.35944208e-4  7.18531448e-4
  6.81567333e-2  6.42250600e-4  3.69473707e-6  6.54317377e-4  6.39636477e-4
  7.11742897e-2  5.71256596e-4  3.80615400e-6  5.81477659e-4  5.69115185e-4
  7.43254447e-2  5.07873416e-4  3.91898256e-6  5.16518104e-4  5.06120335e-4
  7.76161133e-2  4.51318827e-4  4.03318821e-6  4.58619762e-4  4.49884525e-4
  8.10524722e-2  4.00886293e-4  4.14873633e-6  4.07043778e-4  3.99713493e-4
  8.46409717e-2  3.55938292e-4  4.26559232e-6  3.61124466e-4  3.54979862e-4
  8.83883476e-2  3.15900139e-4  4.38372165e-6  3.20262596e-4  3.15117327e-4
  9.23016341e-2  2.80254284e-4  4.50308996e-6  2.83919299e-4  2.79615251e-4
  9.63881766e-2  2.48535058e-4  4.62366308e-6  2.51610476e-4  2.48013664e-4
  1.00655646e-1  2.20323849e-4  4.74540710e-6  2.22901497e-4  2.19898651e-4
  1.05112052e-1  1.95244672e-4  4.86828845e-6  1.97402742e-4  1.94898088e-4
  1.09765760e-1  1.72960109e-4  4.99227391e-6  1.74764961e-4  1.72677736e-4
  1.14625505e-1  1.53167603e-4  5.11733069e-6  1.54675484e-4  1.52937648e-4
  1.19700410e-1  1.35596063e-4  5.24342643e-6  1.36854583e-4  1.35408877e-4
  1.25000000e-1  1.20002784e-4  5.37052927e-6  1.21052166e-4  1.19850475e-4
  1.30534223e-1  1.06170625e-4  5.49860786e-6  1.07044812e-4  1.06046746e-4
  1.36313467e-1  9.39054637e-5  5.62763141e-6  9.46330477e-5  9.38047466e-5
  1.42348579e-1  8.30338681e-5  5.75756969e-6  8.36389114e-5  8.29520130e-5
  1.48650889e-1  7.34009975e-5  5.88839307e-6  7.39037143e-5  7.33344962e-5
  1.55232227e-1  6.48686973e-5  6.02007253e-6  6.52860557e-5  6.48146887e-5
  1.62104944e-1  5.73137767e-5  6.15257967e-6  5.76599955e-5  5.72699287e-5
  1.69281943e-1  5.06264535e-5  6.28588675e-6  5.09134400e-5  5.05908661e-5
  1.76776695e-1  4.47089511e-5  6.41996665e-6  4.49466633e-5  4.46800771e-5
  1.84603268e-1  3.94742335e-5  6.55479293e-6  3.96709880e-5  3.94508135e-5
  1.92776353e-1  3.48448671e-5  6.69033981e-6  3.50076059e-5  3.48258764e-5
  2.01311291e-1  3.07519967e-5  6.82658215e-6  3.08865070e-5  3.07366019e-5
  2.10224104e-1  2.71344256e-5  6.96349551e-6  2.72455259e-5  2.71219491e-5
  2.19531520e-1  2.39377895e-5  7.10105610e-6  2.40294906e-5  2.39276808e-5
  2.29251011e-1  2.11138163e-5  7.23924078e-6  2.11894521e-5  2.11056280e-5
  2.39400820e-1  1.86196622e-5  7.37802709e-6  1.86820016e-5  1.86130311e-5
  2.50000000e-1  1.64173173e-5  7.51739321e-6  1.64686566e-5  1.64119485e-5
  2.61068446e-1  1.44730745e-5  7.65731797e-6  1.45153190e-5  1.44687286e-5
  2.72626933e-1  1.27570537e-5  7.79778084e-6  1.27919373e-5  1.27535366e-5
  2.84697159e-1  1.12427779e-5  7.93876192e-6  1.12712857e-5  1.12399321e-5
  2.97301779e-1  9.90679378e-6  8.08024194e-6  9.93015839e-6  9.90449163e-6
  3.10464453e-1  8.72833383e-6  8.22220222e-6  8.74743611e-6  8.72647181e-6
  3.24209889e-1  7.68901505e-6  8.36462471e-6  7.70457316e-6  7.68750929e-6
  3.38563887e-1  6.77257037e-6  8.50749193e-6  6.78515621e-6  6.77135292e-6
  3.53553391e-1  5.96460964e-6  8.65078697e-6  5.97465124e-6  5.96362546e-6
  3.69206536e-1  5.25240687e-6  8.79449351e-6  5.26013933e-6  5.25161139e-6
  3.85552706e-1  4.62471103e-6  8.93859575e-6  4.62987158e-6  4.62406817e-6
  4.02622583e-1  4.06870340e-6  9.08307333e-6  4.06473814e-6  4.06814602e-6
  4.20448208e-1  3.43780587e-6  9.22564645e-6  3.43407579e-6  3.43717260e-6
  4.39063040e-1  2.72132452e-6  9.35851210e-6  2.72183869e-6  2.72071217e-6
  4.58502022e-1  2.01232849e-6  9.47439254e-6  2.01651546e-6  2.01180516e-6
  4.78801640e-1  1.38588545e-6  9.56870530e-6  1.39215371e-6  1.38548365e-6
  5.00000000e-1  8.86131323e-7  9.64011869e-6  8.92839306e-7  8.85852086e-7
  5.22136891e-1  5.24303756e-7  9.69026820e-6  5.30271764e-7  5.24127517e-7
  5.45253866e-1  2.86082026e-7  9.72282197e-6  2.90744149e-7  2.85980922e-7
  5.69394317e-1  1.43437752e-7  9.74228862e-6  1.46736273e-7  1.43385063e-7
  5.94603558e-1  6.58377953e-8  9.75297375e-6  6.80067270e-8  6.58128907e-8
  6.20928906e-1  2.75567252e-8  9.75833717e-6  2.89200138e-8  2.75460733e-8
  6.48419777e-1  1.04748272e-8  9.76078954e-6  1.13212634e-8  1.04707163e-8
  6.77127773e-1  3.60065036e-9  9.76180681e-6  4.13743866e-9  3.59922359e-9
  7.07106781e-1  1.11428364e-9  9.76218802e-6  1.47048481e-9  1.11383994e-9
  7.38413073e-1  3.09009292e-10  9.76231650e-6  5.57980482e-10  3.08886149e-10
  7.71105413e-1  7.64186114e-11  9.76235526e-6  2.58182249e-10  7.63882445e-11
  8.05245166e-1  1.67677977e-11  9.76236568e-6  1.53490970e-10  1.67611747e-11
  8.40896415e-1  3.24714838e-12  9.76236816e-6  1.08009442e-10  3.24587714e-12
  8.78126080e-1  5.51919300e-13  9.76236869e-6  8.17358354e-11  5.51705677e-13
  9.17004043e-1  8.18630909e-14  9.76236878e-6  6.34548942e-11  8.18318363e-14
  9.57603281e-1  1.05322347e-14  9.76236880e-6  4.97345717e-11  1.05282764e-14
  1.00000000e+0  1.16798567e-15  9.76236880e-6  3.91670858e-11  1.16755437e-15
  1.04427378e+0  1.10913076e-16  9.76236880e-6  3.09442023e-11  1.10872902e-16
  1.09050773e+0  8.95722398e-18  9.76236880e-6  2.45090711e-11  8.95404652e-18
  1.13878863e+0  6.10793921e-19  9.76236880e-6  1.94522692e-11  6.10582020e-19
  1.18920712e+0  3.49054946e-20  9.76236880e-6  1.54655553e-11  3.48936670e-20
  1.24185781e+0  1.65872322e-21  9.76236880e-6  1.23140043e-11  1.65817491e-21
  1.29683955e+0  6.50111606e-23  9.76236880e-6  9.81703561e-12  6.49902191e-23
  1.35425555e+0  2.08368260e-24  9.76236880e-6  7.83491114e-12  2.08302921e-24
  1.41421356e+0  5.41298282e-26  9.76236880e-6  6.25890875e-12  5.41133202e-26
  1.47682615e+0  1.12918134e-27  9.76236880e-6  5.00405746e-12  1.12884671e-27
  1.54221083e+0  1.87324410e-29  9.76236880e-6  4.00369898e-12  1.87270513e-29
  1.61049033e+0  2.44637830e-31  9.76236880e-6  3.20537502e-12  2.44569543e-31
  1.68179283e+0  2.48857829e-33  9.76236880e-6  2.56769085e-12  2.48790484e-33
  1.75625216e+0  1.95017541e-35  9.76236880e-6  2.05790633e-12  1.94966411e-35
  1.83400809e+0  1.16378905e-37  9.76236880e-6  1.65007483e-12  1.16349362e-37
  1.91520656e+0  5.22533965e-40  9.76236880e-6  1.32359793e-12  5.22405604e-40
  2.00000000e+0  1.74310668e-42  9.76236880e-6  1.06209835e-12  1.74269256e-42
  2.08854756e+0  4.26373215e-45  9.76236880e-6  8.52537775e-13  4.26275295e-45
  2.18101547e+0  7.54304605e-48  9.76236880e-6  6.84523968e-13  7.54137230e-48
  2.27757727e+0  9.51403573e-51  9.76236880e-6  5.49765311e-13  9.51199694e-51
  2.37841423e+0  8.42826988e-54  9.76236880e-6  4.41640166e-13  8.42652637e-54
  2.48371562e+0  5.16266761e-57  9.76236880e-6  3.54856266e-13  5.16163706e-57
  2.59367911e+0  2.15118435e-60  9.76236880e-6  2.85180782e-13  2.15077015e-60
  2.70851109e+0  5.99432656e-64  9.76236880e-6  2.29226072e-13  5.99321365e-64
  2.82842712e+0  1.09730167e-67  9.76236880e-6  1.84279351e-13  1.09710529e-67
  2.95365229e+0  1.29525596e-71  9.76236880e-6  1.48167135e-13  1.29503259e-71
  3.08442165e+0  9.66924220e-76  9.76236880e-6  1.19147223e-13  9.66763590e-76
  3.22098066e+0  4.47328325e-80  9.76236880e-6  9.58225315e-14  4.47256759e-80
  3.36358566e+0  1.25561721e-84  9.76236880e-6  7.70723092e-14  1.25542380e-84
  3.51250432e+0  2.09159441e-89  9.76236880e-6  6.19971789e-14  2.09128430e-89
  3.66801617e+0  2.02047800e-94  9.76236880e-6  4.98751824e-14  2.02018974e-94
  3.83041312e+0  1.10486729e-99  9.76236880e-6  4.01266245e-14  1.10471564e-99
  4.00000000e+0  3.33506636e-105  9.76236880e-6  3.22859222e-14  3.33462603e-105
  4.17709513e+0  5.41267371e-111  9.76236880e-6  2.59790558e-14  5.41198646e-111
  4.36203093e+0  4.59516396e-117  9.76236880e-6  2.09054994e-14  4.59460298e-117
  4.55515454e+0  1.98295348e-123  9.76236880e-6  1.68237345e-14  1.98272076e-123
  4.75682846e+0  4.22119400e-130  9.76236880e-6  1.35396303e-14  4.22071787e-130
  4.96743125e+0  4.29617782e-137  9.76236880e-6  1.08971218e-14  4.29571214e-137
  5.18735822e+0  2.02332038e-144  9.76236880e-6  8.77072781e-15  2.02310965e-144
  5.41702219e+0  4.26153116e-152  9.76236880e-6  7.05954446e-15  4.26110479e-152
  5.65685425e+0  3.87357906e-160  9.76236880e-6  5.68242180e-15  3.87320680e-160
  5.90730458e+0  1.46402003e-168  9.76236880e-6  4.57408953e-15  1.46388491e-168
  6.16884330e+0  2.21307521e-177  9.76236880e-6  3.68204450e-15  2.21287906e-177
  6.44196133e+0  1.28481195e-186  9.76236880e-6  2.96404959e-15  1.28470262e-186
  6.72717132e+0  2.74584972e-196  9.76236880e-6  2.38612359e-15  2.74562539e-196
  7.02500864e+0  2.06677246e-206  9.76236880e-6  1.92092545e-15  2.06661037e-206
  7.33603235e+0  5.23144243e-217  9.76236880e-6  1.54645518e-15  5.23104864e-217
  7.66082625e+0  4.24335052e-228  9.76236880e-6  1.24500942e-15  4.24304398e-228
  8.00000000e+0  1.04875274e-239  9.76236880e-6  1.00234145e-15  1.04868003e-239
  8.35419026e+0  7.49313085e-252  9.76236880e-6  8.06985729e-16  7.49263240e-252
  8.72406186e+0  1.46493084e-264  9.76236880e-6  6.49714450e-16  1.46483734e-264
  9.11030908e+0  7.39972573e-278  9.76236880e-6  5.23100529e-16  7.39927264e-278
  9.51365692e+0  9.09571140e-292  9.76236880e-6  4.21165952e-16  9.09517713e-292
  9.93486250e+0  2.55567732e-306  9.76236880e-6  3.39098880e-16  2.55553333e-306
  1.03747164e+1  1.53761040e-321  9.76236880e-6  2.73026022e-16  1.53752731e-321
  1.08340444e+1  1.85022187e-337  9.76236880e-6  2.19829479e-16  1.85012597e-337
  1.13137085e+1  4.14660624e-354  9.76236880e-6  1.76999350e-16  4.14640013e-354
  1.18146092e+1  1.60670987e-371  9.76236880e-6  1.42515119e-16  1.60663328e-371
  1.23376866e+1  9.95889711e-390  9.76236880e-6  1.14750198e-16  9.95844192e-390
  1.28839227e+1  9.10486499e-409  9.76236880e-6  9.23950938e-17  9.10446597e-409
  1.34543426e+1  1.12803708e-428  9.76236880e-6  7.43955734e-17  1.12798969e-428
  1.40500173e+1  1.73352718e-449  9.76236880e-6  5.99028894e-17  1.73345734e-449
  1.46720647e+1  3.01275420e-471  9.76236880e-6  4.82337169e-17  3.01263784e-471
  1.53216525e+1  5.37667879e-494  9.76236880e-6  3.88379037e-17  5.37647973e-494
  1.60000000e+1  8.90877446e-518  9.76236880e-6  3.12725108e-17  8.90845828e-518
  1.67083805e+1  1.23359858e-542  9.76236880e-6  2.51809134e-17  1.23355661e-542
  1.74481237e+1  1.27895994e-568  9.76236880e-6  2.02759784e-17  1.27891824e-568
  1.82206182e+1  8.85175575e-596  9.76236880e-6  1.63265206e-17  8.85147910e-596
  1.90273138e+1  3.62783057e-624  9.76236880e-6  1.31463991e-17  3.62772190e-624
  1.98697250e+1  7.76892923e-654  9.76236880e-6  1.05857402e-17  7.76870619e-654
  2.07494329e+1  7.62811476e-685  9.76236880e-6  8.52386940e-18  7.62790489e-685
  2.16680888e+1  2.99604061e-717  9.76236880e-6  6.86362243e-18  2.99596162e-717
  2.26274170e+1  4.08188859e-751  9.76236880e-6  5.52676428e-18  4.08178545e-751
  2.36292183e+1  1.66236332e-786  9.76236880e-6  4.45030092e-18  1.66232307e-786
  2.46753732e+1  1.73240326e-823  9.76236880e-6  3.58350997e-18  1.73236307e-823
  2.57678453e+1  3.92779668e-862  9.76236880e-6  2.88555008e-18  3.92770936e-862
  2.69086853e+1  1.63540081e-902  9.76236880e-6  2.32353517e-18  1.63536597e-902
  2.81000346e+1  1.04764522e-944  9.76236880e-6  1.87098595e-18  1.04762384e-944
  2.93441294e+1  8.58332987e-989  9.76236880e-6  1.50658060e-18  8.58316201e-989
  3.06433050e+1  7.41535697e-1035  9.76236880e-6  1.21315065e-18  7.41521802e-1035
  3.20000000e+1  5.52224006e-1083  9.76236880e-6  9.76871819e-19  5.52214092e-1083
  3.34167610e+1  2.87211978e-1133  9.76236880e-6  7.86612535e-19  2.87207038e-1133
  3.48962474e+1  8.37421660e-1186  9.76236880e-6  6.33409463e-19  8.37407861e-1186
  3.64412363e+1  1.08808951e-1240  9.76236880e-6  5.10045125e-19  1.08807233e-1240
  3.80546277e+1  4.95764295e-1298  9.76236880e-6  4.10707840e-19  4.95756797e-1298
  3.97394500e+1  6.16707258e-1358  9.76236880e-6  3.30717894e-19  6.16698323e-1358
  4.14988657e+1  1.61274848e-1420  9.76236880e-6  2.66307061e-19  1.61272609e-1420
  4.33361775e+1  6.74843505e-1486  9.76236880e-6  2.14441051e-19  6.74834532e-1486
  4.52548340e+1  3.39785975e-1554  9.76236880e-6  1.72676570e-19  3.39781647e-1554
  4.72584367e+1  1.52865868e-1625  9.76236880e-6  1.39046198e-19  1.52864003e-1625
  4.93507464e+1  4.50331258e-1700  9.76236880e-6  1.11965706e-19  4.50325994e-1700
  5.15356906e+1  6.27924717e-1778  9.76236880e-6  9.01594211e-20  6.27917687e-1778
  5.38173706e+1  2.95279619e-1859  9.76236880e-6  7.26001258e-20  2.95276453e-1859
  5.62000691e+1  3.28691904e-1944  9.76236880e-6  5.84606699e-20  3.28688527e-1944
  5.86882588e+1  5.98477205e-2033  9.76236880e-6  4.70750017e-20  5.98471316e-2033
  6.12866100e+1  1.21164559e-2125  9.76236880e-6  3.79067919e-20  1.21163417e-2125
  6.40000000e+1  1.82270977e-2222  9.76236880e-6  3.05241682e-20  1.82269331e-2222
