# listNFWModel[0.25, 0.98015, 4.218905, 0.00375, "halo_c039_a25_e00375.txt", {2, -16, 6, 1/16}, 12]
#             r         rho(r)        mass(r)     rho_eps(r)     rho(r_eps)
  1.52587891e-5  6.91141025e+4  1.54285254e-9  2.73161737e+2  2.73006320e+2
  1.59343534e-5  6.61835336e+4  1.68248654e-9  2.73161526e+2  2.73006110e+2
  1.66398275e-5  6.33772112e+4  1.83475766e-9  2.73161296e+2  2.73005880e+2
  1.73765356e-5  6.06898678e+4  2.00080969e-9  2.73161046e+2  2.73005629e+2
  1.81458605e-5  5.81164588e+4  2.18188942e-9  2.73160772e+2  2.73005356e+2
  1.89492464e-5  5.56521540e+4  2.37935710e-9  2.73160475e+2  2.73005059e+2
  1.97882012e-5  5.32923276e+4  2.59469573e-9  2.73160148e+2  2.73004734e+2
  2.06642997e-5  5.10325501e+4  2.82952241e-9  2.73159794e+2  2.73004380e+2
  2.15791864e-5  4.88685797e+4  3.08560109e-9  2.73159407e+2  2.73003993e+2
  2.25345786e-5  4.67963546e+4  3.36485468e-9  2.73158986e+2  2.73003572e+2
  2.35322697e-5  4.48119851e+4  3.66938062e-9  2.73158527e+2  2.73003113e+2
  2.45741323e-5  4.29117463e+4  4.00146566e-9  2.73158026e+2  2.73002612e+2
  2.56621220e-5  4.10920714e+4  4.36360382e-9  2.73157479e+2  2.73002066e+2
  2.67982813e-5  3.93495448e+4  4.75851488e-9  2.73156884e+2  2.73001470e+2
  2.79847425e-5  3.76808955e+4  5.18916458e-9  2.73156234e+2  2.73000821e+2
  2.92237329e-5  3.60829916e+4  5.65878658e-9  2.73155526e+2  2.73000112e+2
  3.05175781e-5  3.45528335e+4  6.17090799e-9  2.73154753e+2  2.72999340e+2
  3.18687067e-5  3.30875491e+4  6.72937435e-9  2.73153910e+2  2.72998498e+2
  3.32796549e-5  3.16843880e+4  7.33837969e-9  2.73152992e+2  2.72997579e+2
  3.47530711e-5  3.03407163e+4  8.00249681e-9  2.73151990e+2  2.72996577e+2
  3.62917210e-5  2.90540119e+4  8.72671311e-9  2.73150898e+2  2.72995485e+2
  3.78984928e-5  2.78218595e+4  9.51646660e-9  2.73149706e+2  2.72994294e+2
  3.95764024e-5  2.66419464e+4  1.03776874e-8  2.73148407e+2  2.72992995e+2
  4.13285995e-5  2.55120577e+4  1.13168428e-8  2.73146990e+2  2.72991578e+2
  4.31583729e-5  2.44300726e+4  1.23409841e-8  2.73145445e+2  2.72990034e+2
  4.50691573e-5  2.33939601e+4  1.34578014e-8  2.73143760e+2  2.72988349e+2
  4.70645393e-5  2.24017754e+4  1.46756804e-8  2.73141923e+2  2.72986512e+2
  4.91482645e-5  2.14516561e+4  1.60037652e-8  2.73139919e+2  2.72984509e+2
  5.13242441e-5  2.05418187e+4  1.74520272e-8  2.73137735e+2  2.72982325e+2
  5.35965625e-5  1.96705555e+4  1.90313400e-8  2.73135352e+2  2.72979943e+2
  5.59694851e-5  1.88362310e+4  2.07535607e-8  2.73132754e+2  2.72977346e+2
  5.84474659e-5  1.80372791e+4  2.26316195e-8  2.73129921e+2  2.72974513e+2
  6.10351563e-5  1.72722002e+4  2.46796155e-8  2.73126831e+2  2.72971424e+2
  6.37374135e-5  1.65395581e+4  2.69129238e-8  2.73123463e+2  2.72968056e+2
  6.65593099e-5  1.58379776e+4  2.93483098e-8  2.73119789e+2  2.72964383e+2
  6.95061423e-5  1.51661419e+4  3.20040559e-8  2.73115783e+2  2.72960378e+2
  7.25834421e-5  1.45227898e+4  3.49000977e-8  2.73111414e+2  2.72956010e+2
  7.57969856e-5  1.39067137e+4  3.80581744e-8  2.73106651e+2  2.72951248e+2
  7.91528048e-5  1.33167573e+4  4.15019910e-8  2.73101456e+2  2.72946055e+2
  8.26571989e-5  1.27518131e+4  4.52573964e-8  2.73095792e+2  2.72940392e+2
  8.63167458e-5  1.22108207e+4  4.93525779e-8  2.73089615e+2  2.72934216e+2
  9.01383146e-5  1.16927646e+4  5.38182711e-8  2.73082880e+2  2.72927483e+2
  9.41290787e-5  1.11966724e+4  5.86879921e-8  2.73075536e+2  2.72920140e+2
  9.82965290e-5  1.07216129e+4  6.39982873e-8  2.73067528e+2  2.72912134e+2
  1.02648488e-4  1.02666944e+4  6.97890079e-8  2.73058796e+2  2.72903404e+2
  1.07193125e-4  9.83106292e+3  7.61036088e-8  2.73049304e+2  2.72893884e+2
  1.11938970e-4  9.41390083e+3  8.29894741e-8  2.73039038e+2  2.72883504e+2
  1.16894932e-4  9.01442508e+3  9.04982723e-8  2.73027601e+2  2.72872186e+2
  1.22070313e-4  8.63188581e+3  9.86863429e-8  2.73015257e+2  2.72859845e+2
  1.27474827e-4  8.26556497e+3  1.07615120e-7  2.73001768e+2  2.72846389e+2
  1.33118620e-4  7.91477495e+3  1.17351589e-7  2.72987095e+2  2.72831717e+2
  1.39012285e-4  7.57885731e+3  1.27968795e-7  2.72971094e+2  2.72815720e+2
  1.45166884e-4  7.25718150e+3  1.39546382e-7  2.72953648e+2  2.72798278e+2
  1.51593971e-4  6.94914371e+3  1.52171196e-7  2.72934627e+2  2.72779262e+2
  1.58305610e-4  6.65416574e+3  1.65937929e-7  2.72913889e+2  2.72758528e+2
  1.65314398e-4  6.37169390e+3  1.80949835e-7  2.72891279e+2  2.72735923e+2
  1.72633492e-4  6.10119798e+3  1.97319496e-7  2.72866629e+2  2.72711279e+2
  1.80276629e-4  5.84217022e+3  2.15169671e-7  2.72839756e+2  2.72684411e+2
  1.88258157e-4  5.59412442e+3  2.34634208e-7  2.72810459e+2  2.72655121e+2
  1.96593058e-4  5.35659499e+3  2.55859053e-7  2.72778520e+2  2.72623190e+2
  2.05296976e-4  5.12913606e+3  2.79003333e-7  2.72743704e+2  2.72588381e+2
  2.14386250e-4  4.91132068e+3  3.04240555e-7  2.72705751e+2  2.72550437e+2
  2.23877940e-4  4.70274000e+3  3.31759896e-7  2.72664374e+2  2.72509076e+2
  2.33789863e-4  4.50300250e+3  3.61767624e-7  2.72619278e+2  2.72463992e+2
  2.44140625e-4  4.31173325e+3  3.94488632e-7  2.72570128e+2  2.72414853e+2
  2.54949654e-4  4.12857324e+3  4.30168127e-7  2.72516559e+2  2.72361296e+2
  2.66237239e-4  3.95317866e+3  4.69073457e-7  2.72458185e+2  2.72302926e+2
  2.78024569e-4  3.78522029e+3  5.11496107e-7  2.72394559e+2  2.72239315e+2
  2.90333768e-4  3.62438285e+3  5.57753881e-7  2.72325225e+2  2.72169996e+2
  3.03187942e-4  3.47036444e+3  6.08193269e-7  2.72249731e+2  2.72094462e+2
  3.16611219e-4  3.32287596e+3  6.63192037e-7  2.72167468e+2  2.72012160e+2
  3.30628796e-4  3.18164058e+3  7.23162042e-7  2.72077666e+2  2.71922493e+2
  3.45266983e-4  3.04639316e+3  7.88552310e-7  2.71980016e+2  2.71824808e+2
  3.60553258e-4  2.91687986e+3  8.59852379e-7  2.71873582e+2  2.71718399e+2
  3.76516315e-4  2.79285757e+3  9.37595949e-7  2.71757710e+2  2.71602496e+2
  3.93186116e-4  2.67409348e+3  1.02236486e-6  2.71631340e+2  2.71476268e+2
  4.10593953e-4  2.56036468e+3  1.11479344e-6  2.71493879e+2  2.71338810e+2
  4.28772500e-4  2.45145767e+3  1.21557319e-6  2.71344148e+2  2.71189142e+2
  4.47755880e-4  2.34716805e+3  1.32545797e-6  2.71181171e+2  2.71026202e+2
  4.67579727e-4  2.24730005e+3  1.44526961e-6  2.71003768e+2  2.70848839e+2
  4.88281250e-4  2.15166621e+3  1.57590399e-6  2.70810693e+2  2.70655809e+2
  5.09899308e-4  2.06008702e+3  1.71833772e-6  2.70600601e+2  2.70445764e+2
  5.32474479e-4  1.97239058e+3  1.87363540e-6  2.70372034e+2  2.70217250e+2
  5.56049138e-4  1.88841228e+3  2.04295752e-6  2.70123420e+2  2.69968693e+2
  5.80667537e-4  1.80799449e+3  2.22756909e-6  2.69853067e+2  2.69698398e+2
  6.06375885e-4  1.73098625e+3  2.42884899e-6  2.69559066e+2  2.69404536e+2
  6.33222439e-4  1.65724303e+3  2.64830025e-6  2.69239664e+2  2.69085139e+2
  6.61257591e-4  1.58662639e+3  2.88756114e-6  2.68892534e+2  2.68738088e+2
  6.90533966e-4  1.51900378e+3  3.14841734e-6  2.68515469e+2  2.68361109e+2
  7.21106517e-4  1.45424829e+3  3.43281512e-6  2.68106028e+2  2.67951762e+2
  7.53032630e-4  1.39223834e+3  3.74287578e-6  2.67661592e+2  2.67507434e+2
  7.86372232e-4  1.33285755e+3  4.08091133e-6  2.67179381e+2  2.67025328e+2
  8.21187906e-4  1.27599445e+3  4.44944153e-6  2.66656395e+2  2.66502464e+2
  8.57545000e-4  1.22154232e+3  4.85121251e-6  2.66089461e+2  2.65935661e+2
  8.95511761e-4  1.16939893e+3  5.28921707e-6  2.65475203e+2  2.65321545e+2
  9.35159454e-4  1.11946642e+3  5.76671667e-6  2.64810035e+2  2.64656532e+2
  9.76562500e-4  1.07165105e+3  6.28726548e-6  2.64090165e+2  2.63936836e+2
  1.01979862e-3  1.02586308e+3  6.85473656e-6  2.63311606e+2  2.63158463e+2
  1.06494896e-3  9.82016554e+2  7.47335026e-6  2.62470164e+2  2.62317215e+2
  1.11209828e-3  9.40029171e+2  8.14770529e-6  2.61561492e+2  2.61408696e+2
  1.16133507e-3  8.99822118e+2  8.88281241e-6  2.60580914e+2  2.60428317e+2
  1.21275177e-3  8.61319924e+2  9.68413116e-6  2.59523654e+2  2.59371315e+2
  1.26644488e-3  8.24450319e+2  1.05576098e-5  2.58384755e+2  2.58232764e+2
  1.32251518e-3  7.89144095e+2  1.15097290e-5  2.57159251e+2  2.57007598e+2
  1.38106793e-3  7.55334979e+2  1.25475489e-5  2.55841987e+2  2.55690642e+2
  1.44221303e-3  7.22959511e+2  1.36787606e-5  2.54427634e+2  2.54276641e+2
  1.50606526e-3  6.91956918e+2  1.49117425e-5  2.52910928e+2  2.52760303e+2
  1.57274446e-3  6.62269007e+2  1.62556210e-5  2.51286568e+2  2.51136344e+2
  1.64237581e-3  6.33840052e+2  1.77203370e-5  2.49549336e+2  2.49399543e+2
  1.71509000e-3  6.06616688e+2  1.93167178e-5  2.47694135e+2  2.47544803e+2
  1.79102352e-3  5.80547817e+2  2.10565554e-5  2.45716048e+2  2.45567216e+2
  1.87031891e-3  5.55584504e+2  2.29526922e-5  2.43610434e+2  2.43462138e+2
  1.95312500e-3  5.31679891e+2  2.50191136e-5  2.41372992e+2  2.41225272e+2
  2.03959723e-3  5.08789107e+2  2.72710483e-5  2.38999853e+2  2.38852746e+2
  2.12989792e-3  4.86869185e+2  2.97250786e-5  2.36487655e+2  2.36341207e+2
  2.22419655e-3  4.65878978e+2  3.23992585e-5  2.33833648e+2  2.33687906e+2
  2.32267015e-3  4.45779087e+2  3.53132442e-5  2.31035778e+2  2.30890789e+2
  2.42550354e-3  4.26531782e+2  3.84884335e-5  2.28092760e+2  2.27948580e+2
  2.53288976e-3  4.08100933e+2  4.19481191e-5  2.25004195e+2  2.24860867e+2
  2.64503037e-3  3.90451945e+2  4.57176543e-5  2.21770588e+2  2.21628169e+2
  2.76213586e-3  3.73551687e+2  4.98246327e-5  2.18393493e+2  2.18252003e+2
  2.88442607e-3  3.57368437e+2  5.42990840e-5  2.14875363e+2  2.14734929e+2
  3.01213052e-3  3.41871816e+2  5.91736857e-5  2.11219944e+2  2.11080582e+2
  3.14548893e-3  3.27032735e+2  6.44839937e-5  2.07431906e+2  2.07293690e+2
  3.28475162e-3  3.12823338e+2  7.02686917e-5  2.03517086e+2  2.03380065e+2
  3.43018000e-3  2.99216954e+2  7.65698620e-5  1.99482332e+2  1.99346575e+2
  3.58204704e-3  2.86188040e+2  8.34332797e-5  1.95335534e+2  1.95201103e+2
  3.74063782e-3  2.73712139e+2  9.09087309e-5  1.91085508e+2  1.90952470e+2
  3.90625000e-3  2.61765830e+2  9.90503575e-5  1.86741935e+2  1.86610355e+2
  4.07919446e-3  2.50326689e+2  1.07917032e-4  1.82315260e+2  1.82185182e+2
  4.25979583e-3  2.39373241e+2  1.17572762e-4  1.77816510e+2  1.77688006e+2
  4.44839310e-3  2.28884924e+2  1.28087130e-4  1.73257242e+2  1.73130379e+2
  4.64534029e-3  2.18842049e+2  1.39535767e-4  1.68649393e+2  1.68524206e+2
  4.85100708e-3  2.09225761e+2  1.52000867e-4  1.64005035e+2  1.63881608e+2
  5.06577951e-3  2.00018008e+2  1.65571745e-4  1.59336384e+2  1.59214773e+2
  5.29006073e-3  1.91201503e+2  1.80345437e-4  1.54655574e+2  1.54535817e+2
  5.52427173e-3  1.82759694e+2  1.96427349e-4  1.49974481e+2  1.49856650e+2
  5.76885213e-3  1.74676731e+2  2.13931965e-4  1.45304696e+2  1.45188852e+2
  6.02426104e-3  1.66937439e+2  2.32983599e-4  1.40657366e+2  1.40543561e+2
  6.29097786e-3  1.59527287e+2  2.53717222e-4  1.36043138e+2  1.35931379e+2
  6.56950324e-3  1.52432360e+2  2.76279341e-4  1.31471942e+2  1.31362287e+2
  6.86036000e-3  1.45639337e+2  3.00828957e-4  1.26953096e+2  1.26845582e+2
  7.16409409e-3  1.39135460e+2  3.27538596e-4  1.22495161e+2  1.22389828e+2
  7.48127563e-3  1.32908517e+2  3.56595413e-4  1.18105962e+2  1.18002820e+2
  7.81250000e-3  1.26946813e+2  3.88202392e-4  1.13792445e+2  1.13691567e+2
  8.15838893e-3  1.21239150e+2  4.22579629e-4  1.09560910e+2  1.09462287e+2
  8.51959166e-3  1.15774808e+2  4.59965719e-4  1.05416757e+2  1.05320413e+2
  8.89678621e-3  1.10543522e+2  5.00619243e-4  1.01364667e+2  1.01270610e+2
  9.29068059e-3  1.05535465e+2  5.44820366e-4  9.74085482e+1  9.73168015e+1
  9.70201416e-3  1.00741226e+2  5.92872556e-4  9.35516303e+1  9.34622043e+1
  1.01315590e-2  9.61517971e+1  6.45104428e-4  8.97964606e+1  8.97093647e+1
  1.05801215e-2  9.17585526e+1  7.01871717e-4  8.61449733e+1  8.60602028e+1
  1.10485435e-2  8.75532346e+1  7.63559398e-4  8.25985012e+1  8.25160580e+1
  1.15377043e-2  8.35279369e+1  8.30583952e-4  7.91578563e+1  7.90777359e+1
  1.20485221e-2  7.96750905e+1  9.03395790e-4  7.58233610e+1  7.57455562e+1
  1.25819557e-2  7.59874486e+1  9.82481845e-4  7.25949023e+1  7.25193997e+1
  1.31390065e-2  7.24580737e+1  1.06836834e-3  6.94719653e+1  6.93987545e+1
  1.37207200e-2  6.90803238e+1  1.16162374e-3  6.64536963e+1  6.63827605e+1
  1.43281882e-2  6.58478406e+1  1.26286188e-3  6.35389045e+1  6.34702517e+1
  1.49625513e-2  6.27545366e+1  1.37274536e-3  6.07262356e+1  6.06597964e+1
  1.56250000e-2  5.97945844e+1  1.49198903e-3  5.80139664e+1  5.79497343e+1
  1.63167779e-2  5.69624048e+1  1.62136385e-3  5.54002569e+1  5.53382111e+1
  1.70391833e-2  5.42526573e+1  1.76170083e-3  5.28830994e+1  5.28232104e+1
  1.77935724e-2  5.16602287e+1  1.91389530e-3  5.04603441e+1  5.04025827e+1
  1.85813612e-2  4.91802244e+1  2.07891143e-3  4.81297382e+1  4.80740721e+1
  1.94040283e-2  4.68079587e+1  2.25778692e-3  4.58889439e+1  4.58353392e+1
  2.02631180e-2  4.45389456e+1  2.45163802e-3  4.37355604e+1  4.36839832e+1
  2.11602429e-2  4.23688908e+1  2.66166481e-3  4.16671459e+1  4.16175604e+1
  2.20970869e-2  4.02936829e+1  2.88915669e-3  3.96812345e+1  3.96336006e+1
  2.30754085e-2  3.83093858e+1  3.13549822e-3  3.77753422e+1  3.77296224e+1
  2.40970441e-2  3.64122314e+1  3.40217517e-3  3.59469901e+1  3.59031452e+1
  2.51639114e-2  3.45986119e+1  3.69078084e-3  3.41937133e+1  3.41517011e+1
  2.62780130e-2  3.28650730e+1  4.00302273e-3  3.25130754e+1  3.24728435e+1
  2.74414400e-2  3.12083074e+1  4.34072932e-3  3.09026068e+1  3.08641558e+1
  2.86563764e-2  2.96251481e+1  4.70585729e-3  2.93600238e+1  2.93232578e+1
  2.99251025e-2  2.81125625e+1  5.10049883e-3  2.78829147e+1  2.78478116e+1
  3.12500000e-2  2.66676464e+1  5.52688925e-3  2.64690109e+1  2.64355260e+1
  3.26335557e-2  2.52876185e+1  5.98741480e-3  2.51160714e+1  2.50841603e+1
  3.40783666e-2  2.39698147e+1  6.48462067e-3  2.38219094e+1  2.37915273e+1
  3.55871448e-2  2.27116830e+1  7.02121916e-3  2.25843912e+1  2.25554953e+1
  3.71627223e-2  2.15107785e+1  7.60009797e-3  2.14014489e+1  2.13739897e+1
  3.88080566e-2  2.03647587e+1  8.22432862e-3  2.02710592e+1  2.02449942e+1
  4.05262361e-2  1.92713787e+1  8.89717490e-3  1.91912680e+1  1.91665512e+1
  4.23204858e-2  1.82284870e+1  9.62210136e-3  1.81601745e+1  1.81367619e+1
  4.41941738e-2  1.72340210e+1  1.04027817e-2  1.71759398e+1  1.71537864e+1
  4.61508171e-2  1.62860029e+1  1.12431073e-2  1.62367821e+1  1.62158429e+1
  4.81940883e-2  1.53825362e+1  1.21471951e-2  1.53409745e+1  1.53212070e+1
  5.03278229e-2  1.45218014e+1  1.31193957e-2  1.44868541e+1  1.44682109e+1
  5.25560260e-2  1.37020529e+1  1.41643014e-2  1.36728026e+1  1.36552422e+1
  5.48828800e-2  1.29216152e+1  1.52867526e-2  1.28972622e+1  1.28807425e+1
  5.73127527e-2  1.21788796e+1  1.64918457e-2  1.21587304e+1  1.21432063e+1
  5.98502050e-2  1.14723015e+1  1.77849386e-2  1.14557486e+1  1.14411794e+1
  6.25000000e-2  1.08003968e+1  1.91716564e-2  1.07869125e+1  1.07732572e+1
  6.52671114e-2  1.01617392e+1  2.06578967e-2  1.01508663e+1  1.01380835e+1
  6.81567333e-2  9.55495768e+0  2.22498331e-2  9.54629799e+0  9.53434853e+0
  7.11742897e-2  8.97873360e+0  2.39539186e-2  8.97194334e+0  8.96078762e+0
  7.43254447e-2  8.43179835e+0  2.57768872e-2  8.42657991e+0  8.41617953e+0
  7.76161133e-2  7.91293091e+0  2.77257553e-2  7.90902575e+0  7.89934483e+0
  8.10524722e-2  7.42095564e+0  2.98078204e-2  7.41814587e+0  7.40914439e+0
  8.46409717e-2  6.95474012e+0  3.20306599e-2  6.95283386e+0  6.94447784e+0
  8.83883476e-2  6.51319315e+0  3.44021274e-2  6.51202762e+0  6.50428210e+0
  9.23016341e-2  6.09526283e+0  3.69303478e-2  6.09470619e+0  6.08752995e+0
  9.63881766e-2  5.69993480e+0  3.96237106e-2  5.69985298e+0  5.69322868e+0
  1.00655646e-1  5.32623055e+0  4.24908617e-2  5.32653084e+0  5.32041877e+0
  1.05112052e-1  4.97320584e+0  4.55406926e-2  4.97380299e+0  4.96817262e+0
  1.09765760e-1  4.63994922e+0  4.87823289e-2  4.64077156e+0  4.63559340e+0
  1.14625505e-1  4.32558072e+0  5.22251160e-2  4.32656852e+0  4.32181391e+0
  1.19700410e-1  4.02925051e+0  5.58786027e-2  4.03035417e+0  4.02599555e+0
  1.25000000e-1  3.75013778e+0  5.97525239e-2  3.75131618e+0  3.74732732e+0
  1.30534223e-1  3.48744963e+0  6.38567798e-2  3.48866911e+0  3.48502493e+0
  1.36313467e-1  3.24042008e+0  6.82014146e-2  3.24165343e+0  3.23832992e+0
  1.42348579e-1  3.00830916e+0  7.27965923e-2  3.00953476e+0  3.00650890e+0
  1.48650889e-1  2.79040207e+0  7.76525715e-2  2.79160304e+0  2.78885286e+0
  1.55232227e-1  2.58600842e+0  8.27796775e-2  2.58717109e+0  2.58467642e+0
  1.62104944e-1  2.39446151e+0  8.81882738e-2  2.39557648e+0  2.39331732e+0
  1.69281943e-1  2.21511775e+0  9.38887315e-2  2.21617790e+0  2.21413579e+0
  1.76776695e-1  2.04735602e+0  9.98913977e-2  2.04835655e+0  2.04651408e+0
  1.84603268e-1  1.89057718e+0  1.06206562e-1  1.89151538e+0  1.88985599e+0
  1.92776353e-1  1.74420358e+0  1.12844425e-1  1.74507801e+0  1.74358643e+0
  2.01311291e-1  1.60767863e+0  1.19815061e-1  1.60848955e+0  1.60715103e+0
  2.10224104e-1  1.48046635e+0  1.27128383e-1  1.48121450e+0  1.48001576e+0
  2.19531520e-1  1.36205104e+0  1.34794112e-1  1.36273805e+0  1.36166661e+0
  2.29251011e-1  1.25193689e+0  1.42821737e-1  1.25256534e+0  1.25160924e+0
  2.39400820e-1  1.14964764e+0  1.51220482e-1  1.15022008e+0  1.14936868e+0
  2.50000000e-1  1.05472625e+0  1.59999273e-1  1.05524577e+0  1.05448899e+0
  2.61068446e-1  9.66734580e-1  1.69166703e-1  9.67204409e-1  9.66532997e-1
  2.72626933e-1  8.85253067e-1  1.78731002e-1  8.85676525e-1  8.85081981e-1
  2.84697159e-1  8.09880396e-1  1.88700002e-1  8.10260820e-1  8.09735348e-1
  2.97301779e-1  7.40233176e-1  1.99081112e-1  7.40573897e-1  7.40110335e-1
  3.10464453e-1  6.75945598e-1  2.09881289e-1  6.76249834e-1  6.75841676e-1
  3.24209889e-1  6.16669090e-1  2.21107014e-1  6.16939989e-1  6.16581269e-1
  3.38563887e-1  5.62071958e-1  2.32764265e-1  5.62308592e-1  5.61997822e-1
  3.53553391e-1  5.11839004e-1  2.44858500e-1  5.12052012e-1  5.11776489e-1
  3.69206536e-1  4.65671143e-1  2.57394640e-1  4.65859260e-1  4.65618485e-1
  3.85552706e-1  4.23284993e-1  2.70377049e-1  4.23450732e-1  4.23240684e-1
  4.02622583e-1  3.84412451e-1  2.83809525e-1  3.84558128e-1  3.84375207e-1
  4.20448208e-1  3.48800259e-1  2.97695289e-1  3.48927989e-1  3.48768987e-1
  4.39063040e-1  3.16209549e-1  3.12036977e-1  3.16321272e-1  3.16183320e-1
  4.58502022e-1  2.86415376e-1  3.26836639e-1  2.86512875e-1  2.86393400e-1
  4.78801640e-1  2.59206244e-1  3.42095736e-1  2.59291160e-1  2.59187850e-1
  5.00000000e-1  2.34383611e-1  3.57815140e-1  2.34457399e-1  2.34368231e-1
  5.22136891e-1  2.11761394e-1  3.73995142e-1  2.11825376e-1  2.11748547e-1
  5.45253866e-1  1.91165466e-1  3.90635455e-1  1.91220834e-1  1.91154746e-1
  5.69394317e-1  1.72433145e-1  4.07735228e-1  1.72480955e-1  1.72424208e-1
  5.94603558e-1  1.55412682e-1  4.25293053e-1  1.55453882e-1  1.55405240e-1
  6.20928906e-1  1.39962756e-1  4.43306983e-1  1.39998184e-1  1.39956564e-1
  6.48419777e-1  1.25951955e-1  4.61774548e-1  1.25982369e-1  1.25946808e-1
  6.77127773e-1  1.13258280e-1  4.80692770e-1  1.13284334e-1  1.13254006e-1
  7.07106781e-1  1.01768643e-1  5.00058185e-1  1.01790912e-1  1.01765097e-1
  7.38413073e-1  9.13783756e-2  5.19866865e-1  9.13973712e-2  9.13754367e-2
  7.71105413e-1  8.19907509e-2  5.40114439e-1  8.20069095e-2  8.19883171e-2
  8.05245166e-1  7.35165136e-2  5.60796116e-1  7.35302260e-2  7.35144998e-2
  8.40896415e-1  6.58734246e-2  5.81906713e-1  6.58850096e-2  6.58717598e-2
  8.78126080e-1  5.89858195e-2  6.03440676e-1  5.89955580e-2  5.89844443e-2
  9.17004043e-1  5.27841826e-2  6.25392107e-1  5.27922665e-2  5.27830476e-2
  9.57603281e-1  4.72047366e-2  6.47754792e-1  4.72111513e-2  4.72038006e-2
  1.00000000e+0  4.21583274e-2  6.70519656e-1  4.21610179e-2  4.21575351e-2
  1.04427378e+0  3.74058593e-2  6.93604557e-1  3.74082238e-2  3.74051719e-2
  1.09050773e+0  3.29299247e-2  7.16839162e-1  3.29323237e-2  3.29293338e-2
  1.13878863e+0  2.87531825e-2  7.40037927e-1  2.87556502e-2  2.87526793e-2
  1.18920712e+0  2.48924562e-2  7.63008032e-1  2.48949586e-2  2.48920317e-2
  1.24185781e+0  2.13585528e-2  7.85554010e-1  2.13610370e-2  2.13581983e-2
  1.29683955e+0  1.81562625e-2  8.07482846e-1  1.81586741e-2  1.81559695e-2
  1.35425555e+0  1.52845395e-2  8.28609337e-1  1.52868302e-2  1.52842999e-2
  1.41421356e+0  1.27368584e-2  8.48761504e-1  1.27389907e-2  1.27366645e-2
  1.47682615e+0  1.05017294e-2  8.67785771e-1  1.05036753e-2  1.05015743e-2
  1.54221083e+0  8.56335011e-3  8.85551647e-1  8.56509413e-3  8.56322754e-3
  1.61049033e+0  6.90236227e-3  9.01955649e-1  6.90389745e-3  6.90226656e-3
  1.68179283e+0  5.49667834e-3  9.16924219e-1  5.49800663e-3  5.49660455e-3
  1.75625216e+0  4.32233994e-3  9.30415443e-1  4.32347002e-3  4.32228379e-3
  1.83400809e+0  3.35436827e-3  9.42419447e-1  3.35531429e-3  3.35432614e-3
  1.91520656e+0  2.56756971e-3  9.52957429e-1  2.56834887e-3  2.56753854e-3
  2.00000000e+0  1.93726331e-3  9.62079369e-1  1.93789496e-3  1.93724059e-3
  2.08854756e+0  1.43990381e-3  9.69860558e-1  1.44040788e-3  1.43988750e-3
  2.18101547e+0  1.05358113e-3  9.76397164e-1  1.05397728e-3  1.05356961e-3
  2.27757727e+0  7.58386599e-4  9.81801129e-1  7.58693286e-4  7.58378599e-4
  2.37841423e+0  5.36644409e-4  9.86194722e-1  5.36878418e-4  5.36638948e-4
  2.48371562e+0  3.73015649e-4  9.89705103e-1  3.73191720e-4  3.73011989e-4
  2.59367911e+0  2.54488765e-4  9.92459214e-1  2.54619531e-4  2.54486358e-4
  2.70851109e+0  1.70275720e-4  9.94579294e-1  1.70371686e-4  1.70274168e-4
  2.82842712e+0  1.11636174e-4  9.96179230e-1  1.11705874e-4  1.11635194e-4
  2.95365229e+0  7.16529785e-5  9.97361868e-1  7.17031761e-5  7.16523728e-5
  3.08442165e+0  4.49813312e-5  9.98217335e-1  4.50172726e-5  4.49809652e-5
  3.22098066e+0  2.75913342e-5  9.98822316e-1  2.76169566e-5  2.75911181e-5
  3.36358566e+0  1.65200040e-5  9.99240181e-1  1.65383223e-5  1.65198795e-5
  3.51250432e+0  9.64449830e-6  9.99521780e-1  9.65762780e-6  9.64442837e-6
  3.66801617e+0  5.48397649e-6  9.99706732e-1  5.49345461e-6  5.48393825e-6
  3.83041312e+0  3.03354812e-6  9.99824989e-1  3.04045934e-6  3.03352777e-6
  4.00000000e+0  1.63048200e-6  9.99898511e-1  1.63558191e-6  1.63047149e-6
  4.17709513e+0  8.50428800e-7  9.99942903e-1  8.54242231e-7  8.50423528e-7
  4.36203093e+0  4.29872109e-7  9.99968899e-1  4.32759984e-7  4.29869548e-7
  4.55515454e+0  2.10289166e-7  9.99983644e-1  2.12501965e-7  2.10287962e-7
  4.75682846e+0  9.94125275e-8  9.99991734e-1  1.01125296e-7  9.94119807e-8
  4.96743125e+0  4.53475993e-8  9.99996021e-1  4.66843344e-8  4.53473597e-8
  5.18735822e+0  1.99282757e-8  9.99998212e-1  2.09783121e-8  1.99281746e-8
  5.41702219e+0  8.42306681e-9  9.99999289e-1  9.25196471e-9  8.42302576e-9
  5.65685425e+0  3.41827487e-9  9.99999799e-1  4.07501467e-9  3.41825887e-9
  5.90730458e+0  1.32952923e-9  1.00000003e+0  1.85128944e-9  1.32952326e-9
  6.16884330e+0  4.94682222e-10  1.00000013e+0  9.10053845e-10  4.94680088e-10
  6.44196133e+0  1.75727365e-10  1.00000017e+0  5.06920687e-10  1.75726637e-10
  6.72717132e+0  5.94766625e-11  1.00000019e+0  3.23875699e-10  5.94764261e-11
  7.02500864e+0  1.91389397e-11  1.00000020e+0  2.30424727e-10  1.91388667e-11
  7.33603235e+0  5.84227587e-12  1.00000020e+0  1.74824322e-10  5.84225449e-12
  7.66082625e+0  1.68781549e-12  1.00000020e+0  1.36931643e-10  1.68780956e-12
  8.00000000e+0  4.60349322e-13  1.00000020e+0  1.08768249e-10  4.60347771e-13
  8.35419026e+0  1.18239806e-13  1.00000020e+0  8.69014735e-11  1.18239424e-13
  8.72406186e+0  2.85232248e-14  1.00000020e+0  6.95978518e-11  2.85231364e-14
  9.11030908e+0  6.44445487e-15  1.00000020e+0  5.57999075e-11  6.44443570e-15
  9.51365692e+0  1.35977458e-15  1.00000020e+0  4.47637052e-11  1.35977070e-15
  9.93486250e+0  2.67131799e-16  1.00000020e+0  3.59246574e-11  2.67131068e-16
  1.03747164e+1  4.87067030e-17  1.00000020e+0  2.88402423e-11  4.87065752e-17
  1.08340444e+1  8.21527446e-18  1.00000020e+0  2.31593414e-11  8.21525379e-18
  1.13137085e+1  1.27740276e-18  1.00000020e+0  1.86020782e-11  1.27739968e-18
  1.18146092e+1  1.82449201e-19  1.00000020e+0  1.49449343e-11  1.82448779e-19
  1.23376866e+1  2.38468538e-20  1.00000020e+0  1.20092133e-11  2.38468009e-20
  1.28839227e+1  2.84112000e-21  1.00000020e+0  9.65194561e-12  2.84111396e-21
  1.34543426e+1  3.07281394e-22  1.00000020e+0  7.75867480e-12  3.07280767e-22
  1.40500173e+1  3.00407748e-23  1.00000020e+0  6.23772143e-12  3.00407161e-23
  1.46720647e+1  2.64284567e-24  1.00000020e+0  5.01561478e-12  2.64284072e-24
  1.53216525e+1  2.08252352e-25  1.00000020e+0  4.03345073e-12  2.08251978e-25
  1.60000000e+1  1.46267318e-26  1.00000020e+0  3.24398511e-12  1.46267066e-26
  1.67083805e+1  9.11028568e-28  1.00000020e+0  2.60931232e-12  9.11027065e-28
  1.74481237e+1  5.00534631e-29  1.00000020e+0  2.09900952e-12  5.00533839e-29
  1.82206182e+1  2.41235685e-30  1.00000020e+0  1.68865242e-12  2.41235320e-30
  1.90273138e+1  1.01399384e-31  1.00000020e+0  1.35862738e-12  1.01399237e-31
  1.98697250e+1  3.69474913e-33  1.00000020e+0  1.09318008e-12  3.69474399e-33
  2.07494329e+1  1.15969435e-34  1.00000020e+0  8.79653425e-13  1.15969281e-34
  2.16680888e+1  3.11488868e-36  1.00000020e+0  7.07876614e-13  3.11488470e-36
  2.26274170e+1  7.11027463e-38  1.00000020e+0  5.69675268e-13  7.11026592e-38
  2.36292183e+1  1.36945229e-39  1.00000020e+0  4.58478476e-13  1.36945068e-39
  2.46753732e+1  2.20880540e-41  1.00000020e+0  3.69003479e-13  2.20880291e-41
  2.57678453e+1  2.96010235e-43  1.00000020e+0  2.97002559e-13  2.96009917e-43
  2.69086853e+1  3.26913159e-45  1.00000020e+0  2.39059823e-13  3.26912821e-45
  2.81000346e+1  2.94994849e-47  1.00000020e+0  1.92427992e-13  2.94994558e-47
  2.93441294e+1  2.15559952e-49  1.00000020e+0  1.54897306e-13  2.15559748e-49
  3.06433050e+1  1.26367852e-51  1.00000020e+0  1.24690181e-13  1.26367737e-51
  3.20000000e+1  5.88550407e-54  1.00000020e+0  1.00376570e-13  5.88549895e-54
  3.34167610e+1  2.15568531e-56  1.00000020e+0  8.08059149e-14  2.15568351e-56
  3.48962474e+1  6.14358584e-59  1.00000020e+0  6.50524660e-14  6.14358094e-59
  3.64412363e+1  1.34731478e-61  1.00000020e+0  5.23712999e-14  1.34731375e-61
  3.80546277e+1  2.24744411e-64  1.00000020e+0  4.21629677e-14  2.24744247e-64
  3.97394500e+1  2.81721816e-67  1.00000020e+0  3.39450561e-14  2.81721618e-67
  4.14988657e+1  2.62041425e-70  1.00000020e+0  2.73293189e-14  2.62041248e-70
  4.33361775e+1  1.78484386e-73  1.00000020e+0  2.20032781e-14  1.78484271e-73
  4.52548340e+1  8.78051961e-77  1.00000020e+0  1.77154331e-14  8.78051420e-77
  4.72584367e+1  3.07520149e-80  1.00000020e+0  1.42633477e-14  3.07519968e-80
  4.93507464e+1  7.55313025e-84  1.00000020e+0  1.14840754e-14  7.55312598e-84
  5.15356906e+1  1.28073070e-87  1.00000020e+0  9.24645069e-15  1.28073001e-87
  5.38173706e+1  1.47482832e-91  1.00000020e+0  7.44488802e-15  1.47482755e-91
  5.62000691e+1  1.13380359e-95  1.00000020e+0  5.99439047e-15  1.13380303e-95
  5.86882588e+1  5.71580521e-100  1.00000020e+0  4.82653344e-15  5.71580248e-100
  6.12866100e+1  1.85458511e-104  1.00000020e+0  3.88623232e-15  1.85458426e-104
  6.40000000e+1  3.79815943e-109  1.00000020e+0  3.12914165e-15  3.79815777e-109
